10.21	10.075	10.135	10.46	10.435	10.315	10.965	10.76	10.87	10.775	10.64	10.57	10.515	10.445	10.4	10.38	10.365	10.32	10.3	10.305	10.245	10.245	10.215	10.195	10.235	10.215	10.21	10.23	10.23	10.26	10.32	10.37	10.4	10.39	10.415	10.415	10.485	10.405	10.415	10.455	10.39	10.315	10.285	10.22	10.17	10.13	10.08	10.025	9.935
11.16	11.1433	11.1333	11.12	11.12	11.0967	11.08	11.08	11.0867	11.1033	11.1533	11.17	11.17	11.1633	11.16	11.15	11.1467	11.1533	11.1333	11.13	11.13	11.1367	11.1633	11.1667	11.19	11.1667	11.1267	11.1333	11.13	11.1	11.0933	11.0733	11.0567	11.0633	11.0433	11.0533	11.07	11.07	11.06	11.0567	11.05	11.04	11.0167	11.0033	11	10.9933	10.9867	10.9767	10.9833
12.7714	12.6739	12.6888	12.5443	12.7033	12.6176	12.5869	12.5943	12.5447	12.5393	12.5261	12.5474	12.8839	13.5468	14.3323	15.1024	15.7125	16.1493	16.4195	16.5075	16.3617	16.3068	16.4879	16.5341	16.6588	16.7074	16.6365	15.4857	15.942	15.9095	16.3558	15.5673	15.0678	14.7132	14.5741	14.344	14.2223	14.0535	13.5764	13.1822	13.0537	12.7116	12.6224	12.6894	12.622	12.5444	12.5943	12.6656	12.3125
10.8989	10.7828	10.6777	10.6326	10.6304	10.4897	10.3486	10.4259	10.3647	10.0314	9.6638	9.8269	10.0059	10.1353	10.1962	10.1102	10.0606	10.2005	10.1146	10.2708	10.3549	10.5272	10.6564	10.8315	10.8241	10.8261	11.079	11.4137	11.8768	12.1477	12.2258	12.1616	11.9448	11.9678	12.199	12.0708	11.9378	11.895	11.5013	11.1728	11.0952	11.0264	10.8308	10.7238	10.5759	9.9527	9.9825	10.1212	10.343
10.5958	10.6945	11.13	11.0106	10.9807	10.8984	10.7741	10.7233	10.7793	10.7314	10.7636	10.8505	11.058	11.2165	11.5801	11.7531	12.4255	13.2363	13.7585	13.9023	14.333	14.6959	14.4503	14.5347	14.9723	14.5994	15.0294	13.7886	13.6273	13.8216	13.6223	13.2208	13.2705	13.1103	12.7895	12.5367	12.3163	12.0409	11.6791	11.3665	11.1525	10.9982	10.949	10.8381	10.8486	10.7026	10.5998	10.6215	10.7016
10.541	10.527	10.49	10.47	10.436	10.424	10.429	10.428	10.434	10.427	10.408	10.408	10.402	10.405	10.412	10.449	10.467	10.458	10.441	10.46	10.44	10.426	10.428	10.417	10.418	10.405	10.397	10.412	10.417	10.437	10.456	10.456	10.455	10.451	10.471	10.46	10.475	10.506	10.485	10.45	10.402	10.382	10.402	10.325	10.305	10.286	10.281	10.263	10.283
9.48	9.49	9.485	9.485	9.48	9.49	9.475	9.49	9.48	9.475	9.455	9.45	9.44	9.43	9.405	9.39	9.425	9.415	9.41	9.46	9.495	9.525	9.51	9.485	9.48	9.495	9.5	9.51	9.52	9.55	9.57	9.565	9.575	9.58	9.585	9.6	9.605	9.605	9.61	9.58	9.59	9.575	9.57	9.53	9.505	9.525	9.51	9.48	9.57
9.36	9.46	10.715	11.17	11.89	11.96	12.2	11.995	11.135	10.705	10.635	10.72	10.715	10.965	11.255	10.845	10.58	10.725	10.57	10.545	10.42	10.36	10.25	10.1	10.08	9.975	10.07	9.915	9.865	9.88	9.8	9.88	9.78	9.685	9.62	9.6	9.565	9.56	9.545	9.485	9.485	9.47	9.51	9.57	9.515	9.555	9.495	9.455	9.48
8.75	8.5	7.9	7.55	7.5	8.25	8.35	7.8	7.8	7.7	7.35	8.6	12.2	13.3	12.8	13.2	13.85	12.6	12.05	11.3	10.85	10.8	10.5	10.35	10.4	10.35	10.1	10.15	10.05	10.1	10	10.1	10.1	10.05	10	9.95	9.75	9.55	9.45	9.35	9.9	9.45	9.25	9.05	9.05	9.2	8.9	8.75	8.75
8.942	8.942	8.942	8.942	8.942	8.942	8.942	8.942	8.942	8.942	8.942	8.942	8.942	8.942	8.942	8.942	8.942	8.942	8.942	8.942	8.942	8.942	8.942	8.942	8.942	8.942	9.062	9.146	9.156	9.149	9.145	9.15	9.156	9.157	9.164	9.172	NA	9.217	9.207	9.2	9.184	9.178	9.179	9.179	9.176	9.176	9.181	9.175	9.169
12.14	12.115	12.105	12.105	12.08	12.07	12.065	12.05	12.045	12.025	12.025	12.03	12.015	11.99	11.99	11.975	11.945	11.945	11.96	11.95	11.915	11.915	11.875	11.87	11.845	11.785	11.75	11.755	11.755	11.765	11.74	11.745	11.76	11.785	11.805	11.825	11.825	11.82	11.815	11.825	11.825	11.82	11.795	11.79	11.785	11.785	11.75	11.41	11.54
8.995	8.99	9.004	9.024	9.023	9.011	9.013	8.989	8.97	8.977	8.976	8.977	8.966	8.968	9.014	9.045	9.054	9.099	9.129	9.155	9.185	9.192	9.182	9.184	9.186	9.192	9.214	9.21	9.181	9.173	9.178	9.2	9.228	9.199	9.233	9.203	9.217	9.143	9.047	8.997	8.979	9.003	9.078	9.004	8.992	8.961	8.975	9.031	8.963
10.215	10.218	10.223	10.207	10.201	10.245	10.206	10.202	10.216	10.191	10.166	10.166	10.163	10.191	10.226	NA	10.22	10.228	10.219	10.215	10.23	10.214	10.228	10.229	10.347	10.336	10.202	10.144	10.138	10.127	10.129	10.117	10.133	10.145	10.14	10.114	10.131	10.167	10.183	10.184	10.166	10.15	10.127	10.129	10.119	10.167	10.173	10.19	10.186
11.73	11.73	11.71	11.705	11.7	11.68	11.69	11.67	11.68	11.665	11.67	11.68	11.675	11.67	11.67	11.68	11.705	11.72	11.755	11.815	11.855	11.895	11.925	11.955	11.975	12.01	12.025	12.005	11.91	11.84	11.825	11.83	11.81	11.805	11.745	11.735	11.7	11.68	11.665	11.645	11.635	11.625	11.625	NA	NA	NA	11.62	11.635	11.61
24.139	24.7031	24.2985	23.339	22.7761	22.5555	21.9402	21.409	20.9658	20.4119	20.129	19.7554	19.697	20.1462	18.9006	18.775	18.9267	19.269	19.809	20.0755	20.4963	20.2322	19.6231	19.3642	19.6719	19.7842	19.9932	19.9371	20.3779	20.4955	22.5204	23.4927	23.8961	23.9228	23.3147	23.6476	23.7617	23.8545	24.5636	24.6775	24.4815	25.1336	24.3555	23.4729	22.3134	21.7062	20.1393	20.4361	20.2904
11.1522	11.1345	11.1192	11.1165	11.1095	11.1085	11.1129	11.1189	11.1149	11.1135	11.1152	11.1115	11.1065	11.1075	11.1112	11.1145	11.1229	11.1365	11.1485	11.1455	11.1492	11.1512	11.1672	11.1729	11.1759	11.1719	11.1695	11.1762	11.1669	11.1679	11.1599	11.1492	11.1465	11.1422	11.1245	11.1065	11.1162	11.1195	11.1292	11.1832	11.1995	11.2075	11.2322	11.2315	11.2349	11.2395	11.2469	11.2502	11.2539
10.334	10.329	10.321	10.297	10.307	10.333	10.331	10.355	10.35	10.31	10.304	10.358	10.362	10.346	10.355	10.366	10.396	10.395	10.399	10.413	10.438	10.434	10.463	10.461	10.451	10.453	10.446	10.459	10.463	10.514	10.529	10.538	10.514	10.459	10.414	10.442	10.437	10.518	10.512	10.437	10.397	10.349	10.336	10.467	10.497	10.481	10.436	10.425	10.4
10.228	10.235	10.237	10.239	10.217	10.212	10.211	10.205	10.205	10.217	10.217	10.213	10.218	10.224	10.226	10.216	10.227	10.234	10.232	10.231	10.227	10.229	10.225	10.239	10.24	10.249	10.248	10.253	10.253	10.234	10.228	10.229	10.241	10.239	10.26	10.261	10.275	10.282	10.291	10.295	10.268	10.268	10.249	10.238	10.239	10.234	10.224	10.232	10.235
9.61	9.65	9.673	9.72	9.68	9.597	9.62	9.633	9.653	9.607	9.677	9.677	9.687	9.693	9.577	9.643	9.73	9.907	10.02	10.053	10.1	10.093	10.007	9.963	9.973	10.01	9.937	9.97	9.937	9.88	9.857	9.813	9.78	9.72	9.8	9.673	9.677	9.5	9.583	9.69	9.72	9.62	9.577	9.493	9.567	9.63	9.557	9.6	9.613
7.7178	7.7244	7.7892	7.8205	7.8815	7.8826	7.8315	7.848	7.8191	7.8687	7.8873	7.9203	7.9912	8.0887	8.2366	8.3399	8.4776	8.5623	8.6275	8.582	8.5182	8.5089	8.5164	8.6159	8.5948	8.5552	8.5616	8.5434	8.4542	8.3724	8.3038	8.2164	7.9848	7.6579	7.5245	7.741	8.1084	8.1802	8.2018	8.0763	8.0785	8.1098	8.0747	7.9952	7.7723	7.8401	7.7473	7.5091	7.3102
13.6233	13.65	13.7	13.69	13.72	13.7433	13.7733	13.7933	13.8167	13.86	13.8567	13.8767	13.8867	13.91	13.9233	13.93	13.94	13.95	13.91	13.8833	13.87	13.82	13.8633	13.9267	13.9367	13.9133	13.9367	13.96	13.91	13.8733	13.8333	13.8067	13.86	13.92	13.9267	13.9667	13.9933	14.0033	14.03	14.0267	14.0567	14.0733	14.0833	14.0933	14.0833	14.09	14.11	14.1233	14.1267
14.9743	14.9789	15.0303	14.949	14.9363	14.9363	14.8596	14.8213	14.7575	14.6299	14.6834	14.7948	14.7524	14.7312	14.6676	14.5616	14.604	14.7312	14.4768	14.5828	14.8319	14.8001	15.0552	15.2466	15.466	15.5721	15.6505	15.6406	15.5275	15.6356	15.7221	15.7971	15.8265	15.9752	15.9982	16.042	15.9456	15.9019	16.069	15.9543	15.8749	15.8678	15.6971	15.6142	15.6508	15.7254	15.6189	15.2942	15.1028
9.7698	9.756	9.7451	9.733	9.7246	9.7424	9.7155	9.6981	9.6815	9.6467	9.598	9.6221	9.5772	9.5492	9.6037	9.7431	9.8603	9.8994	9.9481	10.0023	10.0356	10.1021	10.0834	10.0884	10.0345	10.0186	10.0418	10.0041	9.9698	9.9574	9.8168	9.7788	9.6579	9.4602	9.2061	9.082	9.012	8.8818	8.6642	8.8097	8.9139	8.9505	9.0074	9.0781	9.1522	9.2115	9.1293	9.27	9.3438
15.1028	15.3587	15.2571	15.3111	15.2892	14.9398	15.045	15.1975	15.0233	14.8926	14.9026	14.8858	14.9075	14.9436	14.8571	14.8787	15.0301	15.2158	15.2764	15.3415	15.4805	15.5513	15.5688	15.6037	15.6594	15.6758	15.7702	15.8275	15.8405	15.9154	15.8756	15.9635	15.9411	16.0114	15.9587	16.0065	16.1044	16.0994	16.0543	15.9916	15.9341	15.8941	15.8368	15.7125	15.4716	15.4493	15.3091	15.3982	15.2645
10.131	10.123	10.12	10.124	10.123	10.127	10.128	10.127	10.123	10.117	10.12	10.13	10.122	10.119	10.135	10.134	10.147	10.156	10.157	10.164	10.154	10.147	10.146	10.186	10.166	10.176	10.181	10.186	10.193	10.194	10.195	10.198	10.201	10.185	10.19	10.193	10.188	10.195	10.203	10.208	10.199	10.196	10.197	10.186	10.18	10.164	10.164	10.175	10.166
6.6623	6.6263	6.6818	6.6414	6.4477	6.6026	6.515	6.406	6.5008	6.5323	6.5956	6.4464	6.5741	6.5323	6.5954	6.518	6.4949	6.6071	6.5294	6.538	6.5825	6.5927	6.5524	6.5552	6.6299	6.6888	6.7303	6.7362	6.7518	6.749	6.739	6.7224	6.7038	6.6666	6.6309	6.6124	6.5895	6.5323	6.5767	6.6053	6.6052	6.5552	6.5509	6.5695	6.4694	6.5253	6.4266	6.4908	6.5789
9.101	9.09	9.084	9.065	9.061	9.071	9.06	9.042	9.001	9.026	9.035	9.037	9.038	9.047	9.071	9.072	9.078	9.087	9.086	9.084	9.074	9.113	9.185	9.164	9.16	9.137	9.149	9.153	9.156	9.133	9.129	9.143	9.158	9.15	9.187	9.187	9.152	9.153	9.168	9.183	9.246	9.214	9.198	9.144	9.148	9.189	9.231	9.205	9.202
10.52	10.515	10.515	10.515	10.495	10.495	10.49	10.47	10.46	10.455	10.445	10.445	10.44	10.435	10.44	10.45	10.465	10.47	10.455	10.46	10.45	10.47	10.485	10.5	10.515	10.53	10.595	10.62	10.625	10.635	10.655	10.68	10.685	10.67	10.64	10.66	10.655	10.59	10.535	10.475	10.46	10.42	10.42	10.415	10.455	10.47	10.455	10.445	10.43
11.002	10.95	10.929	10.919	11.02	11.003	10.989	10.988	10.965	10.938	10.982	10.96	10.965	10.952	11.01	11.072	11.037	10.96	10.953	10.908	10.937	10.963	10.969	10.996	11.007	10.997	11.015	11.014	11.093	11.101	11.042	11.025	11.078	11.131	11.095	11.095	11.132	11.141	11.119	11.164	11.214	11.189	11.232	11.35	11.322	11.3	11.294	11.27	11.194
9.8183	9.9259	9.8335	9.874	9.8173	9.6716	9.7281	9.7749	9.6434	9.6475	9.6434	9.5688	9.6333	9.6981	9.6616	9.6312	9.6677	9.7141	9.7664	9.718	9.8188	9.851	10.23	10.0647	9.9337	9.9983	10.091	10.099	10.212	10.226	10.1293	10.0868	10.0365	10.0427	10.0023	10.1436	10.1334	10.0487	10.105	10.0406	10.0548	9.98	9.956	9.8102	9.7439	9.7419	9.6675	9.7017	9.7077
8.3653	8.3297	8.3527	8.3553	8.2833	8.217	8.2407	8.27	8.313	8.2493	8.141	8.1	8.0913	8.066	8.101	8.1397	8.1323	8.109	8.081	8.12	8.209	8.2763	8.3573	8.3357	8.285	8.1963	8.3397	8.347	8.3697	8.4277	8.4143	8.5027	8.5073	8.4553	8.4323	8.517	8.4753	8.4383	8.4833	8.4977	8.4657	8.4097	8.3543	8.2217	8.2373	8.2557	8.262	8.2533	8.2193
10.365	10.43	10.39	10.405	10.65	10.655	10.74	10.84	10.895	10.92	10.935	10.87	10.86	11.045	11.29	11.225	11.235	11.275	11.255	11.225	11.12	11.05	11.135	11.08	10.865	11.09	11.005	11.02	11.005	10.875	10.91	10.94	10.835	10.715	10.56	10.575	10.585	10.58	10.495	10.47	10.475	10.475	10.61	10.665	10.605	10.49	10.525	10.55	10.575
9.5163	9.533	9.5623	9.5473	9.5323	9.5437	9.6017	9.5787	9.5917	9.592	9.617	9.6583	9.6947	9.7157	9.72	9.728	9.726	9.6897	9.6483	9.6557	9.5377	9.5877	9.544	9.492	9.412	9.3867	9.3923	9.4453	9.3657	9.4077	9.3813	9.431	9.313	9.379	9.382	9.3057	9.3093	9.2583	9.2173	9.27	9.2793	9.3143	9.301	9.305	9.2767	9.2663	9.2587	9.2673	9.272
12.4407	12.2333	12.26	12.3553	12.3313	12.258	12.3707	12.3453	12.062	11.8367	11.824	12.1907	12.4273	12.4467	12.4827	12.502	12.5433	12.522	12.5047	12.5573	12.5113	12.502	12.5327	12.52	12.5487	12.5533	12.5613	12.5807	12.6033	12.584	12.5907	12.5447	12.542	12.5373	12.5487	12.5467	12.5193	12.5213	12.4907	12.4893	12.4747	12.4293	12.436	12.3953	12.424	12.3993	12.37	12.3427	12.3447
11.0267	11.0233	11.0267	10.9867	11	11.0133	11.0133	10.9967	10.9967	11.03	11.0967	11.12	11.14	11.13	11.1033	11.1	11.1	11.09	11.1133	11.1233	11.1767	11.1867	11.1633	11.1333	11.14	11.1267	11.1133	11.1233	11.1367	11.1567	11.16	11.1467	11.1467	11.1233	11.1033	11.1133	11.11	11.13	11.1133	11.1	11.0933	11.0933	11.0633	11.08	11.08	11.0767	11.06	11.06	11.0467
10.82	10.82	10.815	10.83	10.85	10.875	10.895	10.925	10.945	10.97	10.99	11.025	11.025	11.06	11.09	11.13	11.17	11.18	11.145	11.175	11.2	11.335	11.19	11.255	11.49	11.39	11.655	11.57	11.46	11.325	11.235	11.24	11.34	11.385	11.37	11.33	11.295	11.245	11.22	11.195	11.185	11.155	11.16	11.155	11.11	11.115	11.09	11.07	10.98
8.94	8.975	9.045	9.04	8.99	9	8.99	9	9.04	9.08	9.11	9.165	9.2	9.115	9.095	9.12	9.14	9.14	9.11	9.11	9.065	9.185	9.255	9.165	9.16	9.085	9.05	9.02	9.02	8.98	8.96	8.945	8.92	8.935	8.955	8.965	8.965	8.965	8.95	8.955	8.955	8.955	8.94	8.935	8.94	8.99	8.99	8.97	8.97
10.0382	10.0345	10.0385	10.0395	10.0319	10.0399	10.0349	10.0322	10.0325	10.0275	10.0242	10.0172	10.0199	10.0205	10.0175	10.0225	10.0429	10.0412	10.0432	10.0465	10.0545	10.0499	10.0519	10.0479	10.0535	10.0492	10.0505	10.0479	10.0465	10.0462	10.0499	10.0612	10.0619	10.0562	10.0459	10.0425	10.0405	10.0429	10.0465	10.0469	10.0412	10.0469	10.0429	10.0449	10.0462	10.0442	10.0442	10.0412	10.0412
11.12	11.1167	11.12	11.1167	11.1167	11.12	11.12	11.1367	11.15	11.17	11.19	11.1933	11.19	11.2	11.1933	11.19	11.19	11.1967	11.1833	11.17	11.1833	11.1833	11.1933	11.1933	11.1867	11.2033	11.2033	11.21	11.22	11.2333	11.25	11.2267	11.2167	11.2133	11.2267	11.2267	11.24	11.2367	11.2467	11.2633	11.2567	11.2667	11.2633	11.27	11.2733	11.28	11.27	11.24	11.2267
10.8	10.81	10.805	10.79	10.78	10.765	10.76	10.73	10.735	10.715	10.705	10.695	10.68	10.685	10.695	10.725	10.76	10.745	10.755	10.79	10.79	10.805	10.82	10.815	10.815	10.825	10.825	10.835	10.845	10.85	10.87	10.88	10.89	10.9	10.905	10.89	10.865	10.86	10.845	NA	NA	NA	NA	10.83	10.825	10.815	10.8	10.79	10.795
7.545	7.606	7.598	7.633	7.609	7.628	7.618	7.643	7.598	7.598	7.575	7.591	7.621	7.451	7.702	7.793	7.822	7.843	7.801	7.745	7.749	7.752	7.732	7.673	7.627	7.623	7.608	7.588	7.576	7.572	7.563	7.577	7.56	7.559	7.532	7.555	7.442	7.434	7.43	7.424	7.496	7.5	7.501	7.432	7.42	7.418	7.393	7.443	7.493
6.8167	6.8733	6.6233	6.5967	6.5767	6.61	6.56	6.53	6.5233	6.57	6.55	6.5133	6.3933	6.3733	6.22	6.35	6.27	6.15	5.95	6.04	6.0367	6.1233	5.9167	6.23	6.6133	7.06	6.9333	7.13	7.4367	8.1467	7.96	7.7433	7.49	7.2833	7.06	7.1	7.16	7.3233	7.2467	7.3433	7.4267	7.4033	7.3267	7.3733	7.4333	7.57	7.6633	7.6767	7.6267
9.3	9.307	9.217	9.187	9.253	9.187	9.107	9.013	9.043	8.943	8.943	8.97	8.903	8.807	8.943	8.883	9.077	9.357	9.4	9.45	9.537	9.323	9.57	9.643	9.483	9.427	9.49	9.463	9.493	9.553	9.747	9.59	9.577	9.477	9.467	9.46	9.62	9.577	9.54	9.44	9.403	9.61	9.547	9.463	9.457	9.477	9.52	9.49	9.517
8.9349	8.9302	8.9335	8.9342	8.9285	8.9229	8.9189	8.9272	8.9222	8.9225	8.9255	8.9282	8.9279	8.9329	8.9339	8.9615	8.9915	9.0429	9.0255	9.0612	9.0812	9.0192	9.0065	8.9889	9.0342	9.0072	9.0082	9.0182	9.0469	9.0495	9.0565	9.0779	9.0945	9.1112	9.1212	9.1215	9.1139	9.1069	9.1025	9.1069	9.1052	9.0979	9.0935	9.0939	9.0959	9.0852	9.0815	9.0769	9.0689
NA	NA	NA	NA	9.705	9.895	10.25	10.575	10.295	10.8	10.735	10.72	10.835	10.965	10.885	10.53	10.575	10.605	10.845	10.65	10.275	10.07	9.85	9.69	9.675	9.71	9.685	9.75	9.8	9.79	9.73	9.71	9.72	9.715	9.695	9.695	9.7	9.65	9.535	9.51	9.515	9.49	9.465	9.425	9.425	9.405	9.445	9.44	9.405
9.0267	9.3667	9.21	9.35	9.2633	8.78	8.52	8.4233	8.4167	8.32	8.12	7.9767	8.0633	8.1633	8.13	8.0233	7.42	7.4733	7.67	7.5833	8.11	8.1233	7.99	7.9367	7.58	7.2567	7.4033	7.29	7.1533	7.1633	7.2367	7.2133	6.9367	6.9833	7.1633	7.1833	7.17	6.9567	6.7767	6.75	7.1733	7.4867	7.0833	6.9267	6.9133	6.9167	6.8933	6.8433	6.8167
10.4233	10.4267	10.4167	10.39	10.3733	10.35	10.3033	10.34	10.35	10.3733	10.3833	10.4667	10.4367	10.4667	10.46	10.52	10.6267	10.68	10.73	10.76	10.8233	10.7367	10.7533	10.7667	10.7733	10.73	10.75	10.74	10.7233	10.7033	10.7233	10.6933	10.6467	10.6133	10.6533	10.6533	10.7033	10.5733	10.46	10.3933	10.3733	10.37	10.36	10.3533	10.36	10.34	10.3233	10.32	10.2967
8.5967	8.39	8.3367	8.37	8.3567	8.2067	8.1133	8.0167	7.8733	7.8633	7.7933	7.73	7.7967	7.82	7.9033	7.96	8.0267	8.12	8.1867	8.3233	8.5167	8.7233	8.8533	8.96	9.1933	9.52	9.6867	9.8367	9.8967	9.98	10.1567	9.9567	11.1567	11.11	11.0667	11.01	10.78	10.3633	9.84	9.6233	9.5533	9.3967	9.3067	9.0667	8.9367	8.95	8.8333	8.8067	8.6333
10.3666	10.3241	10.2758	10.2475	10.1155	10.0873	10.1514	10.1364	10.1455	10.1097	10.0259	9.9363	9.9381	10.0145	10.1437	10.5767	10.2082	10.1351	10.6247	10.4066	10.674	10.7179	10.7461	10.9348	10.8233	10.6401	10.6569	10.5705	10.6955	10.701	10.5009	10.6818	10.8605	10.6692	10.5667	10.4709	10.2393	10.2329	10.21	10.1988	10.1734	10.161	10.103	10.0703	10.0189	9.9822	9.9588	9.9572	10.019
14.2581	14.1071	14.086	13.9065	13.6597	13.7855	13.8115	13.8004	13.8631	13.8898	13.8595	13.8387	13.8226	13.8735	13.8735	13.9358	14.0603	NA	NA	NA	NA	NA	NA	NA	NA	14.8508	14.6957	14.89	14.9813	14.9567	15.1277	15.2727	15.3918	15.5124	15.6298	15.6476	15.6074	15.5428	15.4781	15.473	15.5428	15.4996	15.435	15.3703	15.0901	15.3272	15.1677	15.0817	14.9743
9.801	9.813	9.801	9.792	9.823	9.809	9.802	9.804	9.78	9.764	9.761	9.755	9.758	9.74	9.742	9.732	9.727	9.721	9.717	9.709	9.705	9.692	9.688	9.69	9.704	9.73	9.741	9.77	9.778	9.761	9.787	9.794	9.79	9.786	9.781	9.764	9.752	9.748	9.747	9.727	9.735	9.72	9.725	9.727	9.7	9.721	9.728	9.73	9.729
8.515	8.51	8.515	8.51	8.495	8.515	8.48	8.475	8.485	8.45	8.46	8.455	8.49	8.475	8.465	8.435	8.46	8.495	8.555	8.57	8.555	8.56	8.545	8.545	8.54	8.5	8.545	8.55	8.495	8.48	8.55	8.59	8.565	8.51	8.54	8.485	8.46	8.505	8.43	8.445	8.4	8.385	8.405	8.435	8.355	8.355	8.365	8.43	8.395
12.6527	12.4415	12.3773	12.3034	12.1466	12.0583	12.1854	12.2487	12.1018	12.0081	11.713	11.8639	12.1671	12.9272	13.6554	14.3958	15.3225	15.8841	16.118	15.9754	16.2302	17.0831	17.8534	18.1962	18.1619	17.8822	17.3869	16.7308	16.4535	16.2757	16.4108	16.3401	16.4734	16.2917	16.178	16.0086	15.9415	16.0702	16.1906	16.2529	16.1844	16.0801	16.0318	16.0558	15.8219	15.6573	15.6327	15.4523	15.1503
10.1262	10.1182	10.1149	10.1282	10.1289	10.1269	10.1435	10.1279	10.1319	10.1372	10.1432	10.1465	10.1542	10.1679	10.1649	10.1672	10.1865	10.1889	10.1905	10.2135	10.2059	10.2032	10.1899	10.2035	10.1972	10.2085	10.2135	10.2115	10.2055	10.2122	10.2312	10.2432	10.2405	10.2395	10.2395	10.2385	10.2415	10.2329	10.2182	10.2059	10.1929	10.1852	10.1805	10.1712	10.1529	10.1095	10.1195	10.1179	10.1105
9.9634	10.0542	9.6561	9.456	9.5273	9.3639	9.2408	9.3571	8.9081	8.6842	8.9247	8.9826	9.5294	10.1445	10.8592	10.8903	11.9229	11.4953	12.6257	12.8532	12.5618	12.5699	12.5549	12.5581	12.5296	12.512	12.422	12.409	12.4356	12.4092	12.3836	12.2881	12.2991	11.9713	11.5783	11.2858	11.4202	11.6574	12.0099	12.3091	12.213	11.412	10.6627	10.3113	10.0886	10.1017	10.7899	10.7935	10.5958
11.5464	11.5366	11.4893	11.4119	11.4067	11.3557	11.3294	11.2699	11.1994	11.091	10.9912	11.0489	11.1571	11.2189	11.2241	11.4753	11.5465	11.6897	11.8086	11.8457	11.7118	11.8587	11.9728	12.1077	12.1618	12.3498	12.3473	12.343	12.3257	12.3276	12.3587	12.3945	12.284	12.1605	11.968	11.8207	11.6979	11.5563	11.4881	11.4064	11.3846	11.3829	11.3751	11.3709	11.3363	11.2661	11.2254	11.1833	11.1361
7.536	7.539	7.541	7.521	7.51	7.479	7.483	7.457	7.475	7.561	7.484	7.472	7.499	7.51	7.512	7.518	7.482	7.42	7.391	7.446	7.486	7.514	7.536	7.553	7.586	7.614	7.624	7.669	7.707	7.707	7.684	7.66	7.732	7.71	7.685	7.698	7.633	7.634	7.532	7.553	7.57	7.665	7.633	7.528	7.618	7.711	7.686	7.702	7.684
10.7767	10.7733	10.78	10.7833	10.7633	10.7433	10.7367	10.7433	10.7867	10.94	11.1533	11.22	11.1733	11.21	11.1867	11.2	11.1667	11.1967	11.1933	11.0733	11.0667	10.97	11.0167	10.9867	11.0033	11.0333	11.0233	11	11.04	10.9467	10.9567	11.0133	11.03	11.0633	11.0233	10.91	10.8867	10.88	10.8267	10.8	10.7933	10.7867	10.79	10.7733	10.7867	10.7967	10.78	10.73	10.7167
10.4508	10.3273	10.3636	10.2661	10.1686	10.2173	10.3391	10.3493	10.195	10.3248	10.256	10.3636	10.1421	10.0773	10.2618	10.2821	10.2558	10.2864	10.3715	10.4833	10.5197	10.5933	10.6137	10.6142	10.5773	10.5712	10.5878	10.5692	10.7081	10.7968	10.8419	10.8502	10.8421	10.8421	10.9333	10.9188	10.969	11.0526	11.0392	10.9919	10.8455	10.8757	10.7969	10.7008	10.6946	10.5078	10.6042	10.5244	10.5446
15.965	15.91	15.76	15.295	14.9	15.01	14.585	14.355	14.265	14.06	13.73	13.455	13.38	13.23	12.995	13.065	13.07	13.33	13.335	13.305	13.08	11.93	12.815	13.98	14.53	14.86	15.34	14.835	14.51	15.16	15.485	16.36	17.245	17.8	19.485	21.125	21.165	20.875	20.685	20.69	20.42	20.03	19.91	19.82	19.675	19.575	19.185	18.85	18.62
9.265	9.225	9.25	9.16	9.13	9.14	9.04	8.97	8.86	8.795	8.82	8.695	8.64	8.62	8.68	8.94	9.78	10.325	9.865	12.055	12.95	12.28	12.225	11.61	11.835	11.195	11.065	10.78	10.895	10.795	10.77	10.54	10.35	10.59	10.325	10.185	10.04	9.785	9.61	9.585	9.49	9.43	9.46	9.4	9.43	9.505	9.375	9.345	9.28
9.4747	9.4693	9.4887	9.63	9.6093	9.4793	9.56	9.4767	9.4787	9.31	9.348	9.4407	9.5193	9.6413	9.5833	9.5907	9.69	9.768	9.7847	9.79	9.7967	9.828	9.798	9.788	9.822	9.7513	9.6453	9.8133	9.7193	9.6673	9.696	9.7193	9.772	9.732	9.7653	9.7007	9.736	9.7047	9.7027	9.726	9.6473	9.5987	9.594	9.572	9.46	9.4033	9.328	9.3813	9.3647
10.615	10.565	10.49	10.445	10.41	10.37	10.33	10.27	10.215	10.19	10.14	10.13	10.085	10.025	10.01	9.98	9.995	9.995	10.27	10.335	10.35	10.51	10.51	10.415	10.29	11.945	12.87	11.705	12.515	11.305	11.74	13.765	13.075	14.545	14.665	15.415	16.56	16.06	15.68	15.635	14.925	15.07	15.01	14.88	14.7	14.645	14.24	14.15	13.99
11.665	11.645	11.645	11.635	11.635	11.62	11.62	11.62	11.625	11.615	11.61	11.58	11.58	11.57	11.565	11.565	11.59	11.645	11.755	11.785	11.845	11.9	11.935	11.995	12.04	12.09	12.09	12.025	12.08	12.09	11.975	12.155	12.18	12.065	12.195	12.385	12.435	12.305	12.33	12.4	12.47	12.32	12.26	11.98	11.945	12.01	12.08	12.135	12.035
7.8603	7.872	7.8673	7.8657	7.8747	7.878	7.8493	7.8373	7.788	7.7993	7.7607	7.7897	7.7753	7.9077	7.94	7.8893	7.6823	7.4847	7.846	7.9377	7.9467	8.029	8.1057	8.105	8.0667	8.074	8.0557	8.1157	8.136	8.081	8.124	8.1483	8.2137	8.1527	8.055	8.1337	7.963	8.0257	7.953	7.9003	7.8923	7.947	7.9747	8.0317	8.0463	8.0187	8.027	8.027	8.0113
10.55	10.55	10.54	10.535	10.555	10.615	10.895	10.975	10.85	10.89	10.915	10.89	10.915	10.905	10.865	10.88	10.86	10.915	10.85	10.82	10.795	10.79	10.77	10.725	10.675	10.76	10.745	10.75	10.76	10.74	10.72	10.71	10.665	10.655	10.655	10.61	10.56	10.53	10.555	10.565	10.55	10.56	10.535	10.555	10.525	10.535	10.53	10.5	10.5
11.82	11.825	11.795	11.76	11.755	11.73	11.725	11.725	11.725	11.705	11.69	11.695	11.675	11.675	11.665	11.655	11.665	11.66	11.68	11.73	11.765	11.835	11.875	11.925	11.83	11.82	11.835	11.92	11.96	11.965	11.98	11.96	11.975	12.05	12.125	12.145	12.135	12.115	12.075	12.05	12.035	12.015	11.99	11.965	11.93	11.905	11.88	11.85	11.82
7.688	7.685	7.726	7.757	7.792	7.792	7.759	7.755	7.761	7.743	7.76	7.786	7.826	7.877	7.876	7.855	7.819	7.823	7.924	7.896	7.8	7.797	7.794	7.76	7.715	7.669	7.629	7.566	7.531	7.52	7.508	7.501	7.458	7.439	7.434	7.414	7.396	7.4	7.425	7.455	7.497	7.499	7.496	7.493	7.515	7.53	7.542	7.558	7.544
9.3433	9.1633	9.6533	9.7867	9.69	9.3967	9.1767	9.2867	9.31	9.2533	9.3067	8.87	8.4667	8.2767	8.6667	8.65	8.4633	8.3967	8.8133	9.0233	9.0367	8.86	8.8233	8.7033	8.7967	9.2267	9.2433	9.24	9.42	9.4733	9.59	9.6933	9.7067	9.6367	9.5	9.39	9.1867	9.2	9.5133	9.6733	9.7333	9.5533	9.4667	9.6633	9.62	9.6567	9.59	9.51	9.37
9.2022	9.2009	9.1982	9.1962	9.1965	9.1905	9.1879	9.1885	9.1889	9.1899	9.1869	9.1855	9.1899	9.2305	9.2412	9.2472	9.2505	9.2535	9.2579	9.2549	9.2639	9.2582	9.2512	9.2542	9.2555	9.2569	9.2552	9.2552	9.2552	9.2512	9.2429	9.2309	9.2252	9.2195	9.2119	9.2052	9.2035	9.2032	9.2019	9.1992	9.1842	9.1862	9.1889	9.1712	9.1579	9.1552	9.1679	9.1642	9.1635
8.8432	8.8425	8.8399	8.8405	8.8379	8.8415	8.8402	8.8379	8.8342	8.8375	8.8365	8.8299	8.8312	8.8309	8.8412	8.8452	8.8645	8.9225	8.9289	8.9399	8.9589	8.9295	8.9155	8.9119	8.8502	8.8355	8.8152	8.8402	8.8609	8.8349	8.7539	8.7239	8.6902	8.7039	8.6805	8.6885	8.7215	8.7155	8.7205	8.7242	8.7472	8.7899	8.8049	8.7865	8.8035	8.7979	8.8055	8.8039	8.8085
11.2539	11.2595	11.2485	11.2452	11.2405	11.2492	11.2399	11.2349	11.2239	11.2189	11.2049	11.2029	11.1852	11.1915	11.1882	11.2202	11.2379	11.2579	11.2245	11.2559	11.2822	11.3089	11.2412	11.2185	11.2269	11.2042	11.1995	11.1859	11.1719	11.1615	11.1582	11.1585	11.1399	11.1369	11.1302	11.1349	11.1259	11.1429	11.2079	11.2212	11.2132	11.2215	11.2312	11.2289	11.2172	11.2265	11.2425	11.2429	11.2472
8.823	8.7733	8.7663	8.8117	8.8713	8.9357	8.9517	8.8783	8.8437	8.8677	8.947	8.9043	8.9113	8.921	8.9203	8.9853	8.949	8.967	8.966	8.8713	8.8513	8.8267	8.759	8.8517	8.8013	8.8193	8.8077	8.738	8.806	8.7933	8.741	8.7197	8.709	8.6777	8.717	8.7313	8.7167	8.725	8.7193	8.85	8.7873	8.7407	8.7793	8.789	8.7573	8.7197	8.6463	8.695	8.7533
14.3684	14.2368	14.0823	13.9458	13.8194	13.759	13.6517	13.5675	13.4732	13.4156	13.3402	13.2981	13.2382	13.1952	13.1525	13.0794	13.0351	13.1036	13.2898	13.2936	13.2921	13.2669	13.3621	13.3658	13.3207	13.3538	13.4311	13.5207	13.5533	13.5764	13.658	13.6279	13.604	13.5341	13.4662	13.4117	13.3238	13.3101	13.2691	13.2274	13.1926	13.1781	13.1448	13.0995	13.0514	13.003	12.9544	12.9035	12.8345
12.22	12.17	12.08	12.12	12.1767	12.1567	12.1567	12.1533	12.2367	12.4333	13.0067	13.0533	13.2767	13.3567	13.2633	13.2633	12.92	12.7767	12.57	12.51	12.51	12.49	12.4567	12.4167	12.44	12.49	12.5333	12.5133	12.5233	12.55	12.5767	12.54	12.5967	12.5633	12.56	12.6433	12.38	12.3333	12.15	12.0433	12.0067	11.96	11.9567	11.8933	11.7767	11.6633	11.6667	11.7633	11.68
12.366	12.3227	12.4847	12.5007	12.352	12.308	12.0787	12.116	12.1553	12.2093	12.3907	12.4593	12.458	12.3627	12.4013	12.3247	12.3187	12.3907	12.452	12.512	12.55	12.556	12.6273	12.636	12.6127	12.5993	12.6167	12.6367	12.6247	12.6053	12.6393	NA	12.6147	12.6353	12.554	12.514	12.5073	12.5933	12.5913	12.61	12.588	12.5933	12.56	12.632	12.67	12.602	12.5407	12.5233	12.4613
11.048	11.07	11.074	11.074	11.069	11.075	11.046	11.024	11.032	11.038	11.018	11.012	11.007	11.007	11.013	10.988	10.993	11.074	11.096	11.066	11.05	11.045	11.036	11.041	11.039	11.019	10.976	10.998	11.031	11.029	11.011	10.976	10.963	10.973	10.924	10.958	11.01	11.063	11.093	11.093	11.092	11.059	11.066	11.086	11.08	11.041	11.15	11.105	11.113
9.15	9.175	9.17	9.16	9.16	9.16	9.165	9.185	9.2	9.195	9.24	9.28	9.27	9.325	9.35	9.415	9.4	9.44	9.385	9.38	9.215	9.18	9.045	8.995	8.995	8.98	8.98	8.985	8.94	8.935	8.915	8.89	8.84	8.845	8.81	8.825	8.79	8.75	8.755	8.76	8.745	8.715	8.69	8.695	8.695	8.68	8.68	8.655	8.61
8.3224	8.7217	8.7062	8.8659	9.0438	9.4433	9.4767	9.6537	10.2228	10.1428	9.9947	9.8067	9.8837	10.1418	10.1206	10.0948	10.0631	10.977	11.106	11.2351	11.7367	11.9442	11.3104	11.0523	11.342	11.6129	11.8811	11.6061	11.1942	11.5822	11.5573	11.3594	11.3593	10.9955	10.5205	9.9235	9.5672	9.2623	8.9587	8.9481	8.935	8.7159	8.9259	8.9176	8.7946	8.7712	8.5298	8.3412	8.2686
11.828	11.83	11.964	11.955	11.919	11.903	11.908	11.918	11.91	11.913	11.88	11.826	11.827	11.834	11.827	11.829	11.837	11.831	11.827	11.819	11.82	11.811	NA	11.842	11.866	11.87	11.86	11.84	11.858	11.889	11.908	11.893	11.91	11.796	11.786	11.788	11.785	11.78	11.792	11.789	11.778	11.779	11.743	11.731	11.715	11.719	11.687	11.66	11.655
9.075	9.055	9.02	9.015	9.015	9.025	9.035	9.05	9.085	9.11	9.145	9.175	9.215	9.21	9.22	9.235	9.265	9.275	9.29	9.28	9.255	9.255	9.28	9.275	9.295	9.28	9.26	9.26	9.24	9.23	9.22	9.195	9.15	9.19	9.11	9.08	9.115	9.11	9.105	9.115	9.115	9.11	9.115	9.105	9.085	9.07	9.065	9.065	9.07
8.942	8.942	8.942	8.942	8.942	8.942	8.942	8.942	8.942	8.942	8.942	8.942	8.942	8.942	8.942	8.942	8.942	8.942	8.942	8.942	8.942	8.942	8.942	8.942	8.942	8.942	8.942	8.942	8.942	8.942	8.942	8.942	8.942	8.942	8.942	8.942	8.942	8.942	8.942	8.942	8.942	8.942	8.942	8.942	8.942	8.942	8.942	8.942	8.942
6.783	6.791	6.753	6.746	6.757	6.755	6.79	6.735	6.771	6.806	6.829	6.883	6.957	6.985	7.004	7.006	6.942	6.918	6.917	6.961	7.016	6.983	6.989	6.947	6.891	6.87	6.846	6.87	6.913	6.889	6.886	6.909	6.952	6.868	6.803	6.873	6.817	6.86	6.819	6.775	6.797	6.829	6.801	6.827	6.862	6.859	6.902	6.909	6.923
10.2019	10.1795	10.1905	10.1859	10.1975	10.1922	10.1869	10.1949	10.1919	10.1972	10.1895	10.1832	10.1825	10.1679	10.1695	10.1845	10.1955	10.2082	10.2279	10.2289	10.2435	10.2625	10.2629	10.2699	10.2772	10.2942	10.2965	10.3002	10.2959	10.3009	10.3022	10.2979	10.2935	10.2815	10.2812	10.2662	10.2755	10.2769	10.2769	10.2772	10.2782	10.2839	10.2842	10.2885	10.2762	10.2735	10.2769	10.2759	10.2789
11.84	11.8167	11.74	11.71	11.6367	11.62	11.6167	11.6433	11.6133	11.57	11.57	11.6233	11.73	11.7167	11.6667	11.6967	11.6633	11.75	11.8567	12.0433	12.44	13.1667	13.7633	14.21	14.3333	14.0133	13.7	13.6233	13.6733	13.8867	14.0533	14.0833	14.1267	14.29	14.5133	14.4233	14.3667	14.4733	14.5533	14.4033	14.13	14.1	14.17	14.13	14.0633	13.9333	13.8267	13.8267	13.9967
9.485	9.455	9.48	9.485	9.485	9.48	9.48	9.475	9.51	9.535	9.515	9.525	9.555	9.575	9.57	9.595	9.605	9.61	9.59	9.585	9.575	9.595	9.595	9.615	9.585	9.56	9.55	9.535	9.53	9.545	9.56	9.535	9.555	9.545	9.56	9.56	9.555	9.58	9.595	9.57	9.57	9.575	9.585	9.59	9.565	9.565	9.565	9.57	9.575
7.336	7.358	7.397	7.392	7.399	7.397	7.458	7.436	7.407	7.407	7.434	7.419	7.461	7.56	7.587	7.585	7.598	7.608	7.651	7.661	7.605	7.59	7.498	7.419	7.399	7.359	7.295	7.298	7.29	7.194	7.193	7.169	7.158	7.153	7.142	7.232	7.109	7.095	7.095	7.086	7.055	6.976	6.911	6.939	7.003	7.15	7.175	7.174	7.217
10.6167	10.5867	10.5767	10.5733	10.5767	10.5833	10.58	10.5733	10.59	10.6267	10.7033	10.8667	11.0733	11.0833	11.0167	10.9667	10.9467	10.93	10.91	10.85	10.8667	10.8433	10.8167	10.8133	10.8133	10.7967	10.7733	10.76	10.7967	10.8067	10.8	10.8033	10.81	10.7933	10.8	10.7967	10.7833	10.78	10.7567	10.75	10.75	10.74	10.76	10.7433	10.7267	10.7167	10.7267	10.7133	10.7133
6.6187	6.587	6.585	6.5497	6.5223	6.503	6.4607	6.456	6.424	6.3367	6.3193	6.297	6.269	6.2063	6.099	5.9933	6.0797	6.322	6.3713	6.3473	6.4313	6.4457	6.4913	6.6413	6.6773	6.651	6.7697	6.7553	6.742	6.9477	6.8503	6.7977	6.9457	7.0543	6.9867	7.1623	7.093	7.0457	7.0293	6.9373	6.9137	6.9687	6.8493	6.7007	6.5677	6.5073	6.3463	6.2013	6.0373
11.855	11.855	11.835	11.825	11.835	11.835	11.82	11.82	11.81	11.805	11.805	11.8	11.795	11.795	11.79	11.785	11.785	11.79	11.81	11.815	11.83	11.835	11.835	11.85	11.855	11.845	11.83	11.815	11.82	11.83	11.845	11.85	11.845	11.835	11.835	11.84	11.835	11.85	NA	NA	11.825	11.79	11.76	11.77	11.755	11.74	11.745	11.75	11.745
8.11	8.093	8.073	8.087	8.077	8.09	8.07	8.033	8.05	NA	7.996	8.043	8.04	8.06	8.05	8.08	8.207	8.203	8.213	8.19	8.16	8.143	8.093	8.083	8.103	8.093	8.097	8.04	8.053	NA	7.978	NA	7.976	8.009	NA	7.965	NA	7.978	7.967	7.983	NA	NA	8.037	8.053	8.087	8.083	8.077	8.09	8.113
8.942	8.942	8.942	8.942	8.942	8.942	8.942	8.942	8.942	8.942	8.942	8.942	8.942	8.942	8.942	8.942	8.942	8.942	8.942	8.942	8.942	8.942	8.942	8.942	8.942	8.942	8.942	8.942	8.942	8.942	8.942	8.942	8.942	8.942	8.942	8.942	8.942	8.942	8.942	8.942	8.942	8.942	8.942	8.942	8.942	8.942	8.942	8.942	8.942
9.3	9.25	9.2	9.2	9.1	9.2	9.25	9.25	9.2	9.1	9	9.15	9.1	9.15	9.1	9.2	9.2	9.3	9.3	9.45	9.4	9.35	9.3	9.15	9.25	9.35	9.3	9.35	9.3	9.4	9.4	9.45	9.4	9.45	9.35	9.2	9.15	NA	NA	NA	8.75	8.75	8.85	8.75	8.75	8.75	8.65	8.4	8.5
11.056	11.051	11.046	11.041	11.038	11.031	11.033	11.038	11.052	11.058	11.114	11.134	11.127	11.138	11.127	11.11	11.107	11.126	11.142	11.126	11.147	11.189	11.205	11.195	11.19	11.191	11.187	11.182	11.175	11.186	11.194	11.191	11.21	11.222	11.223	11.211	11.207	11.213	11.184	11.18	11.172	11.168	11.177	11.156	11.161	11.17	11.126	11.132	11.156
11.3067	11.3493	11.2173	11.0947	11.1713	11.0893	11.136	11.3253	11.2053	11.0387	10.9047	11.1033	11.078	10.8553	11.2767	11.0287	11.1933	11.2713	11.5487	11.8873	11.8	11.944	11.8607	11.968	NA	11.4	11.4	11.4	11.4	11.4	11.4	11.4	11.4	11.4	11.4	11.4	11.4	11.4	11.4	11.4	11.4	11.4	11.4	11.4	11.4	11.4	11.4	11.4	11.4
10.2033	10.15	10.1833	10.22	10.2	10.1433	10.0833	10.1133	10.1567	10.2267	10.3167	10.4033	10.6033	10.8	10.9233	10.8733	10.7433	10.59	10.6433	10.7467	10.6267	10.6367	10.5967	10.6133	10.61	10.6433	10.6433	10.5833	10.61	10.6033	10.61	10.62	10.6167	10.5967	10.4967	10.4633	10.4367	10.3933	10.36	10.3467	10.3267	10.3133	10.3267	10.3367	10.3367	10.3267	10.32	10.3167	10.28
9.573	9.61	9.737	9.697	9.777	9.68	9.623	9.733	9.657	9.6	9.583	9.62	9.72	9.76	9.657	9.767	9.697	9.54	9.73	9.877	10.003	9.993	10.033	10.04	10.06	10.047	10.067	10.023	10	10.033	10.003	10.067	10.047	10.02	9.947	10.097	9.997	9.953	9.887	9.837	10.03	10.073	10.093	10.003	10.017	9.94	9.977	9.97	9.957
11.0633	11.0767	11.07	11.0333	11.0367	11.0567	11.0867	11.0833	11.0867	11.1267	11.2033	11.2633	11.2833	11.29	11.26	11.2467	11.23	11.1933	11.2267	11.2433	11.2333	11.2167	11.2133	11.2	11.2033	11.2567	11.2733	11.2167	11.21	11.2133	11.19	11.2067	11.2	11.2367	11.23	11.22	11.1967	11.1733	11.17	11.1633	11.1567	11.1367	11.1433	11.12	11.0933	11.1033	11.0867	11.1033	11.0867
11.725	11.715	11.705	11.685	11.68	11.67	11.645	11.65	11.625	11.615	11.6	11.595	11.605	11.595	11.58	11.59	11.62	11.64	11.685	11.715	11.765	11.775	11.85	11.885	11.875	11.77	11.785	11.795	11.9	11.945	11.93	11.905	11.885	11.85	11.82	11.795	11.77	11.74	11.72	11.71	11.7	11.675	11.66	11.63	11.61	11.585	11.57	11.59	11.61
13.4531	13.4089	13.3447	13.3447	13.3148	13.2398	13.1798	13.144	13.0726	13.0726	13.0328	12.9688	12.9688	12.9092	12.9688	12.9886	13.0283	13.0283	13.1276	13.1772	13.232	13.3238	13.4198	13.4549	13.5253	13.4974	13.4531	13.4883	13.421	13.5276	13.7609	13.8507	13.9318	14.0035	14.0191	14.0143	14.1066	14.1029	14.1437	14.0298	13.9638	14.0046	13.9483	13.7443	13.6732	13.6326	13.6936	13.582	13.648
8.3972	8.468	8.5374	8.5852	8.6383	8.6674	8.7138	8.7676	8.7968	8.828	8.8487	8.8252	8.8344	8.9482	9.0957	9.2533	9.2255	9.2436	9.3708	9.5616	9.5677	9.545	9.3646	9.2661	9.2514	9.1389	9.0421	8.9374	8.8706	8.8291	8.7799	8.6806	8.5928	8.5367	8.4261	8.3856	8.397	8.4051	8.4017	8.3813	8.3833	8.3105	8.3079	8.3561	8.4955	8.5898	8.5783	8.5876	8.5562
8.83	8.82	8.815	8.81	8.805	8.81	8.8	8.79	8.775	8.775	8.78	8.755	8.755	8.75	8.73	8.725	8.74	8.745	8.745	8.745	8.75	8.78	8.795	8.81	8.82	8.825	8.815	8.805	8.82	8.84	8.845	8.855	8.86	8.87	8.865	8.85	8.845	8.83	8.825	8.835	8.825	8.805	8.795	8.79	8.78	8.78	8.78	8.755	8.745
13.19	13.1833	13.16	13.0833	13.0367	13.08	13.1	13.0967	13.1367	13.1433	13.1567	13.1533	13.2467	13.34	13.3333	13.34	13.2633	13.1533	12.9733	12.7967	12.6567	12.6167	12.5433	12.4733	12.32	12.22	12.34	12.3333	12.2967	12.1767	12.2367	12.3267	12.29	12.3667	12.37	12.3633	12.3067	12.3167	12.2933	12.3233	12.2967	12.27	12.2567	12.23	12.2133	12.2033	12.1867	12.17	12.14
10.202	10.147	10.068	10.025	10.053	10.125	10.265	10.413	10.593	10.635	10.605	10.659	10.877	10.959	10.943	11.012	10.998	11.002	10.887	10.731	10.636	10.586	10.6	10.866	11.067	11.021	10.967	11.076	11.155	11.111	11.036	10.989	10.943	10.923	10.863	10.926	11.021	11.072	11.037	10.966	10.839	10.729	10.651	10.629	10.566	10.503	10.481	10.484	10.477
11.82	11.772	11.668	11.7847	11.754	11.8373	11.8747	11.8173	11.78	11.8447	11.8307	11.832	11.8953	11.8253	11.8333	11.8547	11.8493	11.784	11.8087	11.84	11.8247	11.8047	NA	11.9013	11.898	11.884	11.8487	11.8893	11.906	11.864	11.8553	11.8447	NA	11.832	11.9413	11.8913	11.8213	11.88	11.8773	11.918	11.9153	11.9267	11.9113	NA	11.874	11.8627	11.694	11.8813	11.8433
11.0494	10.7982	10.5828	10.5033	10.5215	10.4327	10.4464	10.585	10.4115	10.3231	10.1193	10.0716	10.0126	9.963	9.8955	9.7486	9.7396	9.568	8.642	9.6692	10.6814	10.9406	10.8969	10.9148	10.7922	10.8896	11.1545	11.6586	11.9555	12.5662	12.908	12.8408	12.4786	12.3449	12.4163	12.2851	12.2397	12.0994	12.0581	11.96	11.7893	11.7938	11.5865	11.2799	11.1156	10.9992	11.0177	10.9537	10.8989
9.5876	9.5392	9.433	9.4735	9.4412	9.3772	9.4016	9.4277	9.2906	9.3408	9.3048	9.2926	9.2665	9.3331	9.3673	9.5466	9.5952	9.6133	9.6193	9.6879	9.7588	9.702	9.7081	9.7828	9.9164	9.9386	9.9061	9.9972	10.0985	10.3147	10.1341	10.2307	10.347	10.2309	10.3001	10.355	10.2512	10.1413	10.1678	10.1862	10.1313	10.2696	10.119	9.9989	10.0476	9.8399	9.9819	9.7546	9.8054
10.365	10.36	10.365	10.37	10.395	10.44	10.47	10.515	10.565	10.565	10.6	10.655	10.685	10.69	10.725	10.785	10.825	10.845	10.8	10.79	10.79	10.745	10.68	10.61	10.585	10.56	10.51	10.475	10.47	10.4	10.405	10.405	10.4	10.375	10.415	10.4	10.41	10.42	10.41	10.35	10.395	10.37	10.39	10.405	10.405	10.405	10.405	10.405	10.41
7.92	7.885	7.93	7.975	7.95	7.855	7.845	7.915	7.96	7.865	7.675	7.67	7.76	8.67	10.555	11.395	10.945	11.855	11.56	9.405	9.34	10.085	9.64	9.465	9.245	9.3	9.07	9.095	9.165	9.105	9.24	9.085	9.085	9.005	9.025	8.965	8.91	8.615	8.55	8.5	8.335	8.16	8.245	8.24	8.29	8.545	8.43	8.44	8.47
14.6433	14.6267	14.6133	14.61	14.61	14.59	14.6067	14.6267	14.64	14.6567	14.7533	14.9067	14.9967	15.0267	15.0233	15.04	15.0033	14.98	14.9	14.8733	14.84	14.8133	14.7767	14.7167	14.51	14.6033	14.63	14.69	14.7333	14.7233	14.9	14.95	14.9567	14.9233	14.8933	14.8467	14.81	14.8233	14.7967	14.8033	14.7967	14.8067	14.8167	14.8433	14.86	14.8633	14.8733	14.8733	14.8733
12.462	12.5073	12.4747	12.484	12.558	12.5287	12.5473	12.5107	12.438	12.4693	12.4967	12.4807	12.4873	12.498	12.5167	12.5793	12.582	12.5367	12.5847	12.59	12.5573	12.5467	12.468	12.5813	12.5513	12.5607	12.5747	12.5947	12.5867	12.6047	12.5727	12.5707	12.518	12.5353	12.4907	12.6447	12.602	12.612	NA	12.6173	12.508	12.538	12.582	12.6027	12.6153	12.554	12.548	12.49	NA
12.4613	12.4767	12.51	12.5153	12.598	12.5407	12.5613	12.6	12.6047	12.4287	12.278	12.3687	12.392	12.3693	12.3933	12.338	12.3453	12.3007	12.5227	12.5633	12.5407	12.3467	12.25	12.3027	12.4807	12.4807	12.606	12.5193	12.5493	12.5927	12.606	12.5967	12.5733	12.6293	12.5667	12.5467	12.5873	12.5407	12.518	12.2793	12.1247	12.1347	12.192	12.158	12.1567	12.1993	12.2353	12.158	12.2107
8.555	8.528	8.4307	8.389	8.2713	8.2297	8.2233	8.2293	8.224	8.251	8.246	8.1953	8.1863	8.431	8.4887	8.2483	8.269	8.3907	8.4843	8.4083	8.4233	8.3563	8.4137	8.3803	8.4003	8.3547	8.4	8.3847	8.3407	8.3233	8.395	8.3953	8.4667	8.4543	8.4707	8.4527	8.434	8.4497	8.4417	8.4687	8.4237	8.426	8.47	8.482	8.5043	8.4837	8.4487	8.4137	8.3653
11.18	11.147	11.12	11.127	11.14	11.09	11.067	11.05	11.023	10.97	10.973	10.963	10.933	10.933	10.933	10.963	10.94	NA	10.923	10.91	10.917	10.907	NA	10.927	10.94	10.957	10.977	11.013	11.013	11.027	11.027	11.02	11.05	11.05	11.01	10.9	10.913	10.893	10.827	NA	10.717	NA	10.723	10.6	10.54	10.567	10.587	10.613	10.617
10.96	10.9567	10.9467	10.9333	10.92	10.9167	10.92	10.9233	10.92	10.9267	10.9367	10.9433	10.9433	10.9967	11.0233	11.0433	11.0767	11.0967	11.09	11.12	11.12	11.1033	11.1133	11.1233	11.13	11.1467	11.1433	11.15	11.14	11.1333	11.13	11.1233	11.1067	11.0967	11.1	11.0967	11.08	11.07	11.0767	11.0633	11.0633	11.06	11.0567	11.0367	11.0133	11.0333	11.02	11.0033	10.99
10.9467	10.9233	10.94	10.9567	10.9533	10.95	10.9467	10.9467	10.9767	10.98	10.99	11.0867	11.1833	11.2233	11.2233	11.1233	11.07	11.1167	11.0967	11.05	11.0167	10.9933	11.0233	11.0867	11.1133	11.15	11.18	11.1333	11.07	11.09	11.0967	11.0933	11.1133	11.1167	11.1367	11.1267	11.1233	11.0767	11.0333	11.0033	11	10.97	10.96	10.9333	10.9233	10.9067	10.88	10.8633	10.8533
9.6952	10.0446	10.0244	9.8804	9.6568	9.4932	9.4592	9.2908	9.2596	9.2375	9.3029	9.4908	9.805	10.3993	11.7398	12.5909	13.164	13.5331	13.882	13.5888	13.8211	13.6696	13.5597	13.4203	13.728	13.3	13.4037	14.1394	14.548	14.1038	14.1343	14.1867	14.4276	14.1045	14.5967	14.7154	14.6139	14.3219	14.1162	13.9171	13.4929	13.1008	12.4095	11.9329	11.5275	11.1634	11.02	10.7799	10.5047
9.086	9.083	9.08	9.079	9.076	9.082	9.078	9.074	9.075	9.066	9.066	9.064	9.055	9.062	9.067	9.072	9.08	9.086	9.088	9.087	9.086	9.095	9.095	9.095	9.1	NA	9.105	9.092	9.099	9.093	9.096	9.102	9.107	9.111	9.109	9.108	9.119	9.099	9.102	9.053	9.041	8.978	9.069	8.986	8.93	9.011	9.038	8.992	9.034
8.257	8.437	8.5503	8.545	8.5177	8.49	8.46	8.451	8.4543	8.4253	8.4227	8.3263	8.4363	8.561	8.62	8.56	8.5833	8.6813	8.7257	8.7187	8.685	8.5403	8.615	8.6103	8.5837	8.5887	8.5993	8.542	8.6027	8.481	8.52	8.547	8.3443	8.492	8.3713	8.446	8.345	8.3883	8.5123	8.5327	8.5317	8.5187	8.537	8.528	8.5223	8.523	8.516	8.5427	8.555
10.343	10.0428	9.8068	9.9333	9.6706	9.2537	9.5075	9.6367	9.8767	9.8542	9.7477	9.6413	9.5526	9.5709	9.5081	9.2631	9.1662	9.1614	9.4822	9.5925	9.9448	10.0996	10.2735	10.3486	10.3292	10.1819	10.5137	10.9442	11.4922	11.6244	11.4967	12.1874	12.3834	12.4042	12.5107	12.4116	12.287	12.2457	12.1466	12.1264	12.0467	12.0766	11.7067	11.6954	11.1263	10.6609	10.8897	11.0592	11.2377
9.8039	9.722	9.9754	9.866	9.8768	9.8876	9.7314	9.6117	9.633	9.3467	9.5499	9.4622	9.2384	9.2993	9.5483	9.642	9.6781	9.7271	9.7634	9.8083	9.9126	9.7741	9.6973	9.7528	10.0648	10.1714	9.9743	10.1028	10.2757	10.4679	10.5796	10.7077	10.7121	10.6237	10.5225	10.5829	10.6265	10.6759	10.7014	10.7933	10.65	10.8778	10.6809	10.5607	10.5415	10.4763	10.4065	10.4707	10.4985
11.1	11.115	11.345	11.615	12.05	12.245	11.97	11.975	11.955	12.085	12.095	12.305	12.15	11.96	11.905	12.07	12.55	12.54	12.455	12.12	11.99	11.695	11.605	11.39	11.22	11.055	11.045	11.41	11.425	11.53	11.435	11.22	11.28	11.43	11.415	11.38	11.38	11.345	11.285	11.31	11.31	11.295	11.22	11.19	11.19	11.23	11.25	11.2	11.025
10.9195	10.79	10.8065	10.4035	10.567	10.4498	10.6213	10.3947	10.4558	10.311	10.2431	10.1074	9.8866	10.0177	10.3172	10.2627	10.525	10.442	10.7043	10.7809	10.8968	11.0524	11.167	11.2005	11.4022	11.2674	11.0923	11.0539	10.9448	11.0524	11.2443	11.4793	11.5786	11.5162	11.5538	11.8904	11.8942	11.5922	11.512	11.3172	11.4378	11.5628	11.5236	11.386	11.2697	11.198	11.448	11.4722	11.32
9.141	9.135	9.13	9.139	9.131	9.13	9.131	9.136	9.104	9.111	9.107	9.124	9.119	9.124	9.12	9.105	9.113	9.127	9.131	9.161	9.158	9.157	9.161	9.164	9.183	9.185	9.188	9.191	9.19	9.2	9.196	9.192	9.193	9.196	9.203	9.202	9.204	9.201	9.184	9.173	9.162	9.174	9.181	9.157	9.136	9.133	9.144	9.159	9.161
10.4233	10.42	10.4233	10.42	10.42	10.4233	10.41	10.41	10.41	10.4433	10.6333	10.6967	10.7833	10.7833	10.66	10.7167	10.66	10.66	10.6233	10.5967	10.5933	10.54	10.5333	10.56	10.6167	10.5633	10.54	10.5567	10.59	10.6267	10.5667	10.51	10.4933	10.52	10.55	10.5233	10.5067	10.4867	10.4267	10.4067	10.4333	10.4267	10.4167	10.42	10.4367	10.4367	10.46	10.4567	10.4233
7.544	7.547	7.587	7.578	7.582	7.59	7.6	7.615	7.629	7.657	7.664	7.693	7.739	7.8	7.844	7.872	7.849	7.829	7.841	7.765	7.709	7.692	7.706	7.644	7.602	7.564	7.544	7.523	7.498	7.464	7.472	7.481	7.464	7.466	7.475	7.453	7.439	7.439	7.421	7.412	7.391	7.399	7.39	7.421	7.419	7.448	7.468	7.467	7.453
11.64	11.635	11.64	11.63	11.63	11.635	11.62	11.61	11.61	11.59	11.585	11.565	11.555	11.57	11.57	11.59	11.58	11.595	11.605	11.56	11.58	11.655	11.645	11.585	11.6	11.72	11.74	11.665	11.69	11.735	11.865	12.005	12.095	12.045	11.925	11.87	11.82	11.78	11.745	11.695	11.675	11.665	11.64	11.625	11.615	11.605	11.59	11.59	11.6
NA	11.65	11.645	11.64	11.645	11.64	11.64	11.63	11.635	11.625	11.625	11.615	11.605	11.605	11.605	11.62	11.625	11.67	11.685	11.695	11.725	11.76	11.76	11.75	11.745	11.75	11.695	11.695	11.785	11.77	11.75	11.725	11.76	11.775	11.755	11.74	11.715	11.715	11.695	11.695	11.675	11.67	11.67	11.67	11.66	11.655	11.65	11.65	11.64
9.272	9.291	9.318	9.293	9.337	9.4143	9.4987	9.4853	9.3793	9.4547	9.539	9.568	9.6013	9.592	9.5983	9.614	9.624	9.6197	9.5407	9.372	9.3923	9.4393	9.3503	9.294	9.3087	9.416	9.244	9.2993	9.2827	9.1973	9.208	9.229	9.21	9.2393	9.0107	9.112	8.93	9.004	8.8563	8.871	8.946	9.0183	9.027	9.0147	9.1297	9.094	9.003	9.048	9.1373
10.8429	10.8441	10.839	10.9171	10.8643	10.7641	10.7388	10.8013	10.7195	10.6941	10.6061	10.4101	10.3541	10.4198	10.5131	10.5131	10.6553	10.7487	10.6371	10.7089	10.8264	10.9217	10.9141	10.8956	10.9404	11.0224	11.1682	11.2486	11.2303	11.1175	11.3046	11.374	11.3264	11.3861	11.4575	11.491	11.5228	11.4478	11.5088	11.3602	11.2609	11.4098	11.2867	11.1629	10.9749	10.7832	10.7556	10.728	10.6407
9.1051	9.087	8.9861	8.9944	8.9802	8.942	8.9057	8.8835	8.8693	8.8216	8.8055	8.8819	8.8779	9.0368	9.0868	9.1531	9.298	9.324	9.358	9.5205	9.5205	9.5204	9.583	9.5729	9.591	9.6454	9.6414	9.7465	9.853	9.8943	9.8859	9.888	9.781	9.777	9.7971	9.7969	9.8011	10.0337	10.0155	10.0103	9.7769	9.641	9.6512	9.6859	9.6958	9.7402	9.6978	9.6475	9.5876
7.6267	7.5867	7.5133	7.3767	7.3133	7.2433	7.1967	7.17	7.0867	7.0467	7.0467	7.1767	7.4233	7.0133	6.8	6.8333	7.0233	7.0767	7.2033	7.2	7.12	7.1967	7.2	7.3633	7.41	7.3567	7.4567	7.48	7.5433	7.5833	7.63	7.66	7.6967	7.6833	7.57	7.5133	7.6533	7.6933	7.7667	7.83	7.8	7.6833	7.5933	7.4467	7.69	7.8167	7.81	7.62	7.4733
12.14	12.1333	12.1	12.0833	12.0733	12.0767	12.0667	12.0133	11.97	11.9667	11.9833	11.9833	11.9833	11.9067	11.88	11.8933	11.72	11.85	11.8733	11.9067	11.9067	11.9267	11.93	11.97	11.9433	11.92	12.0233	12.0533	12.0467	12.06	12.1067	12.1333	12.14	12.15	12.1567	12.16	12.1533	12.1833	12.22	12.2433	12.2267	12.21	12.28	12.27	12.2967	12.3467	12.3767	12.3833	12.4033
11.4733	11.42	11.3633	11.3433	11.2767	11.26	11.1867	11.2367	11.25	11.2467	11.25	11.2433	11.25	11.27	11.27	11.2533	11.2933	11.2633	11.2033	11.1767	11.1733	11.1867	11.21	11.2233	11.2333	11.2433	11.2567	11.2933	11.3033	11.29	11.2733	11.2933	11.2967	11.29	11.3	11.2967	11.27	11.2533	11.2067	11.1833	11.18	11.17	11.12	11.0433	11.02	11.0033	10.97	10.9567	10.9733
13.3867	13.4233	13.4667	13.5333	13.58	13.6067	13.6567	13.6867	13.69	13.7467	13.77	13.8333	13.9567	14.0467	14.0967	14.1633	14.21	14.2333	14.2467	14.2633	14.2667	14.2733	14.26	14.24	14.2233	14.2133	14.1867	14.17	14.13	14.14	14.1467	14.1133	13.47	13.1233	13.19	13.25	13.3167	13.31	13.3467	13.37	13.4333	13.45	13.4733	13.5	13.53	13.56	13.5767	13.6133	13.6233
9.093	9.111	9.081	9.076	9.086	9.104	9.1	9.114	9.112	9.106	9.098	9.077	9.073	9.075	9.066	9.061	9.07	9.075	9.084	9.091	9.081	9.078	9.082	9.09	9.094	9.088	9.095	9.108	9.11	9.109	9.108	9.112	9.101	9.112	9.104	9.11	9.102	9.116	9.134	9.121	9.102	9.122	9.115	9.094	9.062	9.084	9.083	9.091	9.084
11.0859	11.0551	11.005	10.9561	10.9469	10.9178	10.8907	10.7641	10.6933	10.672	10.7222	10.6002	10.6023	10.6234	10.6527	10.7049	10.7649	10.8692	10.8303	10.8537	10.9326	10.9742	10.9509	11.0789	10.8683	11.0334	11.1802	11.1784	11.296	11.3452	11.4003	11.3727	11.4437	11.3865	11.3983	11.4517	11.4201	11.3334	11.278	11.2073	11.2921	11.2113	11.1307	11.1151	10.9257	10.9334	11.0177	10.9806	10.8429
11.905	12.015	12.765	13.33	12.715	12.465	11.55	11.11	10.825	10.66	10.695	10.66	10.615	11.815	11.465	10.875	11.28	10.64	10.005	10.49	10.625	10.795	10.775	11.22	11.54	10.83	10.2	9.895	9.715	9.685	10.405	11.35	11.06	10.96	10.78	11.85	11.205	9.635	8.905	8.275	7.755	7.365	5.215	7.27	7.995	6.795	8.385	8.665	7.37
NA	11.835	11.835	11.83	11.865	11.905	11.9	11.87	11.87	11.85	11.845	11.84	11.83	11.82	11.805	11.81	11.825	11.865	11.915	12	12.06	12.07	12.045	12.015	12.045	12.05	12.055	12.08	12.07	12.075	12.095	12.105	12.11	12.11	12.09	12.07	12.035	12.045	12.03	12.035	12.015	12	12.01	12	11.995	11.985	11.99	11.99	12.015
10.6333	10.4367	10.5933	10.62	10.6767	10.4433	10.2067	9.94	9.61	9.46	9.5	9.4667	9.3033	9.2733	9.2233	9.4967	9.77	10.1733	10.44	10.89	10.9	10.57	10.2267	10.2567	10.1933	9.4667	9.6467	9.9033	10.2233	10.22	10.63	10.4933	10.4	10.48	10.2833	10.2833	10	9.8	9.6867	9.5833	9.7033	9.7633	9.7267	9.74	9.6767	9.4367	9.3333	9.27	9.1233
20.2904	19.8985	19.4551	19.7473	20.0507	19.2454	19.0215	18.5628	18.1978	18.0946	18.1779	16.422	14.3372	15.5711	16.5998	18.0728	18.6243	17.9825	18.2004	18.6668	19.0838	19.1998	19.4253	19.7199	20.0068	20.415	20.652	21.3036	21.6862	22.696	23.3218	23.7241	23.6767	23.8501	24.1177	24.2144	24.424	24.3086	24.5024	24.239	24.4691	23.8906	23.242	23.3339	22.8197	22.3653	21.3497	21.2745	21.3859
7.37	7.84	8.185	8.765	9.17	9.925	10.12	9.98	10.155	9.87	9.78	9.695	9.595	9.535	9.475	9.44	9.175	9.09	9.345	9.845	9.88	9.545	9.305	8.99	8.925	9.195	9.51	9.27	10.025	10.49	10.615	11.11	11.15	10.58	9.495	9.195	9.825	10.665	10.715	10.605	10.655	10.385	10.375	10.08	10.305	9.735	10.24	10.445	10.21
10.815	10.804	10.821	10.822	10.819	10.804	10.816	10.798	10.797	10.725	10.619	10.537	10.457	10.531	10.611	10.576	10.541	10.414	10.442	10.469	10.527	10.65	10.679	10.815	10.843	10.851	10.851	10.842	10.846	10.867	10.863	10.847	10.863	10.828	10.696	10.683	10.712	10.678	10.608	10.661	10.644	10.628	10.613	10.616	10.528	10.404	10.34	10.299	10.325
8.5567	8.567	8.5983	8.6007	8.6267	8.64	8.623	8.6177	8.6133	8.5553	8.4253	8.397	8.5377	8.6747	8.656	8.661	8.545	8.5703	8.643	8.5707	8.5883	8.626	8.6593	8.512	8.6127	8.6117	8.6643	8.587	8.623	8.6017	8.603	8.5937	8.6103	8.6077	8.581	8.6117	8.681	8.5813	8.4683	8.4043	8.3927	8.337	8.3283	8.3483	8.3027	8.383	8.4503	8.4687	8.5397
11.5206	11.4085	11.3986	11.3735	11.3017	11.2419	11.4551	11.266	11.2659	11.2727	11.2214	11.1002	11.128	11.1458	11.128	11.1636	11.1121	11.1835	11.3675	11.39	11.3622	11.467	11.4551	11.4711	11.5742	11.6003	11.5844	11.5864	11.6419	11.7442	11.7823	11.6918	11.6999	11.8144	11.8082	11.8225	11.8265	11.8485	11.8343	11.7322	11.7721	11.6762	11.6203	11.4313	11.3874	11.5226	11.3893	11.251	11.3665
9.9319	9.8801	9.834	9.8139	9.7736	9.7477	9.6729	9.6471	9.6241	9.5897	9.5581	9.5064	9.4893	9.475	9.5036	9.5178	9.5178	9.535	9.5807	9.6036	9.6178	9.635	9.635	9.7099	9.7732	9.8387	9.8105	9.8392	9.9294	9.9924	10.0125	10.0384	10.0931	10.1536	10.1996	10.1996	10.2198	10.1968	10.1968	10.1709	10.1507	10.1248	10.096	10.0787	10.0615	10.0557	10.0471	10.1392	10.1824
8.9032	8.9035	8.8982	8.8945	8.8875	8.8972	8.8869	8.8802	8.8845	8.8805	8.8749	8.8759	8.8755	8.8752	8.8735	8.8825	8.9012	8.9202	8.9252	8.9359	8.9515	8.9475	8.9542	8.9732	8.9869	8.9869	8.9949	8.9909	8.9895	8.9922	8.9849	8.9832	8.9845	8.9795	8.9665	8.9642	8.9555	8.9502	8.9505	8.9509	8.9332	8.9325	8.9389	8.9435	8.9455	8.9389	8.9242	8.9429	8.9349
7.304	7.251	7.266	7.293	7.294	7.263	7.274	7.263	7.219	7.208	7.241	7.221	7.247	7.309	7.322	7.32	7.295	7.341	7.359	7.336	7.371	7.34	7.359	7.318	7.257	7.258	7.24	7.217	7.144	7.159	7.205	7.179	7.118	7.148	7.172	7.112	7.093	7.089	7.138	7.087	7.086	7.078	7.044	7.002	7.024	6.996	NA	7.004	7.041
6.9659	6.927	6.9345	6.9389	6.8983	6.8445	6.788	6.7776	6.7818	6.6995	6.7399	6.763	6.7298	6.7009	6.7268	6.7443	6.7443	6.7689	6.6979	6.7515	6.737	6.7834	6.7747	6.763	6.7645	6.776	6.7716	6.795	6.8095	6.8036	6.8109	6.7494	6.6919	6.7134	6.7062	6.6256	6.7452	6.7495	6.7639	6.7783	6.735	6.6847	6.637	6.6012	6.7394	6.6558	6.601	6.6084	6.6623
9.193	9.147	9.353	9.3	9.27	9.163	9.177	9.19	9.237	9.283	9.293	9.18	9.093	9.103	9.167	9.163	9.38	9.727	9.83	9.827	9.86	9.84	9.807	9.863	9.86	9.777	9.83	9.95	9.843	9.847	9.933	9.867	9.797	9.72	9.727	9.617	9.587	9.327	9.51	9.533	9.433	9.753	9.62	9.55	9.6	9.77	9.883	9.707	9.517
9.31	9.317	9.352	9.405	9.454	9.481	9.499	9.525	9.525	9.539	9.581	9.651	9.701	9.738	9.738	9.606	9.594	9.644	9.665	9.653	9.649	9.633	9.648	9.659	9.626	9.581	9.56	9.534	9.548	9.591	9.544	9.498	9.509	9.456	9.511	9.49	9.458	9.448	9.441	9.414	9.402	9.43	9.434	9.454	9.477	9.475	9.485	9.466	9.456
10.2789	10.2779	10.2979	10.2855	10.2835	10.2885	10.2842	10.2769	10.2802	10.2819	10.2859	10.2962	10.2865	10.2945	10.2912	10.2909	10.2822	10.2952	10.2995	10.2952	10.3142	10.3165	10.3112	10.3135	10.3209	10.3249	10.3345	10.3322	10.3335	10.3402	10.3299	10.3269	10.3319	10.3315	10.3382	10.3332	10.3352	10.3369	10.3295	10.3392	10.3442	10.3415	10.3482	10.3399	10.3375	10.3369	10.3285	10.3379	10.3475
10.0259	10.1263	9.8665	9.3683	9.3303	9.2355	9.0812	9.2377	9.0337	8.7913	8.8728	9.2128	9.5776	9.6274	9.4146	9.2897	9.2226	7.8696	8.5721	9.3085	9.8449	10.0354	10.092	10.0965	10.1439	10.1077	10.3691	10.669	10.9059	11.0816	11.1002	11.1162	11.2694	11.6424	12.5154	12.5036	12.2625	11.8801	11.6268	11.4826	11.5743	11.407	11.3247	11.2146	11.1482	11.043	11.0266	10.9902	11.0494
11.9867	11.91	11.86	11.96	11.9833	12.03	11.82	11.86	11.93	12.8967	14.1167	14.2233	14.0633	13.8233	13.7467	13.78	13.3433	13.21	13.1	12.7167	12.8567	13.2267	13.4133	13.2	13.27	13.14	13.0433	13	13.08	12.9767	12.7633	12.5933	12.5767	12.54	12.4267	12.3733	12.3333	12.37	12.3033	12.2233	12.2167	12.1167	12.1	12.0333	12.08	12.0133	12.01	12.2533	12.2667
9.1	9.263	9.243	9.367	9.343	9.12	9.253	9.357	9.383	9.363	9.32	9.247	9.233	9.243	9.133	9.39	9.65	9.7	9.797	9.883	9.907	9.947	9.897	9.823	9.77	9.863	9.857	9.86	9.787	9.86	9.933	9.947	9.963	9.747	9.657	9.743	9.527	9.46	9.44	9.397	9.297	9.127	9.167	9.297	9.24	9.183	9.263	9.3	9.193
9.993	9.864	9.748	9.647	9.567	9.508	9.488	9.474	9.467	9.414	9.399	9.442	9.471	9.474	9.42	9.499	9.604	9.722	9.723	9.819	10.001	10.292	10.311	10.299	10.205	10.149	10.138	10.736	11.137	11.085	11.026	11.012	10.78	10.507	10.396	10.261	10.045	9.977	9.959	9.994	10	9.961	9.998	10.011	10.158	10.264	10.301	10.366	10.413
15.5479	15.6434	15.5397	15.3521	15.1492	14.8293	14.3678	14.0691	13.9862	13.8985	13.7578	13.5392	13.3991	13.328	13.5818	14.0704	14.596	14.6422	14.5375	14.7324	15.0133	15.2074	15.1876	15.3073	15.4148	15.285	15.1719	15.1789	15.0868	14.9381	14.9691	14.8899	14.8246	14.7146	14.7111	14.765	14.7621	14.6556	14.5251	14.3537	14.104	13.8662	14.0117	14.0434	14.1287	14.0391	14.0173	14.3582	14.3308
9.9705	9.9765	9.9819	9.9775	9.9695	9.9682	9.9679	9.9572	9.9595	9.9615	9.9702	9.9545	9.9579	9.9552	9.9709	9.9745	9.9755	9.9795	9.9982	9.9975	10.0039	10.0099	10.0132	10.0112	9.9915	9.9992	10.0139	10.0065	10.0102	10.0085	10.0232	10.0399	10.0535	10.0535	10.0489	10.0569	10.0612	10.0535	10.0602	10.0489	10.0469	10.0499	10.0462	10.0342	10.0319	10.0302	10.0282	10.0212	10.0249
11.8433	11.9527	11.996	11.9607	11.9507	11.894	11.872	11.8647	11.8707	11.8473	11.8613	11.86	11.9227	11.9247	11.9453	11.8907	11.8847	11.912	11.934	11.9147	11.9793	11.9187	11.9387	11.9193	11.938	11.9527	11.9393	11.9253	11.9393	11.8533	11.8987	11.8647	11.8287	11.7413	11.7413	11.702	11.6213	11.72	11.5007	11.6973	11.7007	11.4767	11.6793	11.6647	11.7453	11.7793	11.5807	11.4567	11.3067
7.489	7.484	7.526	7.527	7.486	7.547	7.56	7.561	7.569	7.575	7.594	7.589	7.621	7.68	7.687	7.715	7.702	7.715	7.706	7.759	7.771	7.749	7.684	7.645	7.642	7.615	7.573	7.569	7.598	7.599	7.524	7.505	7.547	7.604	7.523	7.505	7.451	7.444	7.506	7.56	7.627	7.649	7.681	7.717	7.751	7.718	7.751	7.817	7.827
10.859	10.863	10.868	10.819	10.734	10.689	10.652	10.577	10.447	10.322	10.228	10.135	10.103	10.095	10.064	10.003	9.98	10.102	10.398	10.654	10.701	10.771	10.797	10.78	10.77	10.774	10.789	10.773	10.771	10.762	10.761	10.756	10.72	10.736	10.736	10.754	10.75	10.794	10.805	10.731	10.811	10.833	10.822	10.777	10.76	10.76	10.803	10.834	10.855
14.05	14.05	14.02	14.02	14.005	13.995	14.015	14.015	14.005	14	13.995	13.985	13.995	13.985	13.98	13.97	13.99	14.025	14.015	14.105	14.1	14.195	14.215	14.235	14.265	14.455	14.535	14.54	14.52	14.33	14.35	14.4	14.41	14.425	14.48	14.56	14.555	14.42	14.385	14.395	14.41	14.45	14.45	14.38	14.295	14.25	14.265	14.27	14.245
NA	12.5313	NA	12.5567	12.5473	12.5613	12.6173	12.5807	12.554	12.5927	12.5053	12.628	12.5847	12.604	12.602	12.5113	12.562	12.6	12.5487	12.6127	12.576	12.54	12.546	12.5273	NA	12.5393	12.528	12.5327	12.5347	12.5807	12.4607	12.456	12.536	12.5273	12.49	12.5353	12.5393	12.5313	12.5007	12.51	12.4693	12.4647	12.4767	12.4607	12.438	12.3847	12.3993	12.4687	12.4747
12.955	12.945	12.95	12.96	12.93	12.94	12.955	12.97	12.975	13.01	NA	NA	NA	13.03	13.02	13.03	13.04	13.055	13.065	13.115	13.11	13.175	13.125	13.19	13.205	13.23	13.22	13.225	13.255	13.265	13.31	13.325	13.29	13.265	13.25	13.245	13.235	13.24	13.25	13.265	13.265	13.27	13.26	13.25	13.25	13.21	13.245	13.265	13.28
9.762	9.7767	9.8063	9.8087	9.821	9.814	9.8187	9.8417	9.8713	9.8587	9.851	9.863	9.9043	9.9137	9.927	9.9127	9.8417	9.834	9.7773	9.7687	9.7447	9.7	9.6657	9.612	9.564	9.5467	9.4923	9.446	9.443	9.3533	9.299	9.2967	9.262	9.2357	9.234	9.2537	9.2923	9.3567	9.379	9.3723	9.3983	9.4113	9.4183	9.4353	9.432	9.458	9.4653	9.503	9.5163
7.493	7.547	7.537	7.519	7.504	7.51	7.519	7.408	7.486	7.502	7.519	7.507	7.449	7.443	7.578	7.665	7.725	7.732	7.693	7.613	7.632	7.655	7.65	7.58	7.557	7.532	7.507	7.486	7.458	7.472	7.412	7.376	7.367	NA	7.418	7.379	7.427	7.417	7.409	7.328	7.32	7.263	7.23	7.321	7.382	7.373	7.408	7.404	7.365
8.8389	8.8454	8.826	8.8002	8.7195	8.6153	8.5601	8.5504	8.5215	8.5858	8.4861	8.4449	8.3874	8.3842	8.3874	8.3489	8.3521	8.4355	8.4098	8.4227	8.4162	8.4291	8.4739	8.5697	8.5922	8.6373	8.6662	8.6726	8.7802	8.9698	9.1843	9.207	9.2987	9.3252	9.3776	9.5635	9.6058	9.6124	9.6026	9.5602	9.5805	9.5884	9.3849	9.1952	9.231	9.2581	9.1721	8.9577	8.9253
9.3708	9.1577	9.2873	9.1562	9.1751	9.1488	9.1422	9.0852	9.0437	9.1206	9.0413	8.8691	8.8296	8.9113	9.0927	9.3767	9.6329	9.9108	10.1325	10.2978	10.3311	10.3	10.4632	10.5414	10.4961	10.5527	10.6435	10.6747	10.7579	10.7847	10.6686	10.6149	10.5313	10.4135	10.1387	10.0527	10.0926	10.0209	9.9575	10.1227	10.1112	10.1467	10.1427	10.1712	10.1694	10.1253	10.1247	10.0713	10.0682
6.4433	6.48	6.5567	6.5233	6.4267	6.4533	6.5233	6.5367	6.4767	6.42	6.6733	6.9167	6.9267	6.9467	6.94	6.9067	6.8767	6.88	6.96	7.0733	7.1267	7.1633	7.1	7.09	7.16	7.07	7.1333	7.1067	7.16	7.2133	7.22	7.4833	7.8733	8.1	8.08	8.0467	7.9367	8.0233	8.0333	7.8333	7.7133	7.69	7.4633	7.16	6.55	6.2633	6.19	6.41	6.88
10.5167	10.5767	10.5033	10.4333	10.4067	10.41	10.4167	10.4267	10.5167	10.53	10.54	10.75	11.2233	11.3333	11.21	11.0967	11.1733	11.1533	11.1867	11.1033	11.0833	11.02	10.93	10.9333	10.9233	10.9133	10.9033	10.9	10.9167	10.9267	10.9367	10.9133	10.92	10.92	10.89	10.8633	10.8467	10.8333	10.84	10.82	10.8267	10.8267	10.78	10.73	10.6867	10.67	10.69	10.6333	10.6467
10.5767	10.5867	10.5833	10.5967	10.63	10.64	10.6367	10.6333	10.6567	10.6633	10.6767	10.7767	10.9267	10.99	11.01	10.9933	11.0233	10.9967	10.9967	11.0233	11.0533	11.0267	11.01	11.0333	11.04	11.03	11	11.0167	11.0467	11.0633	10.9933	11.05	10.9967	10.9633	10.9533	10.9033	10.8367	10.7967	10.7567	10.71	10.6867	10.7033	10.71	10.72	10.6967	10.6867	10.63	10.65	10.6167
9.9235	9.9134	9.8542	9.8661	9.8377	9.7424	9.724	9.7647	9.7993	9.716	9.5926	9.5765	9.6978	9.7242	9.8214	9.785	9.8537	9.8397	9.789	9.7424	9.8579	9.6897	9.7525	9.6938	9.7059	9.6657	9.7606	9.8373	9.7586	9.7061	9.7687	9.7989	9.805	9.8841	9.862	9.846	9.8256	9.8643	9.8764	9.702	9.5785	9.5563	9.5018	9.3459	9.2004	9.1883	9.0708	9.1052	9.1051
10.2528	10.2512	10.2278	10.0509	10.0184	9.9519	9.7364	9.8384	9.828	9.8174	9.8153	9.7158	9.6447	9.5332	9.6865	9.6822	9.486	9.5009	9.637	9.7425	9.8461	9.978	10.0427	10.1117	10.2024	10.1873	10.1612	10.3383	10.3533	10.2563	10.2929	10.2908	10.2994	10.2648	10.3728	10.3512	10.3482	10.2272	10.2038	10.2683	10.301	10.1004	10.3499	10.0875	9.7994	9.8487	9.702	9.8103	9.8039
10.9973	10.9722	10.9913	10.9238	10.9845	10.9922	10.9729	10.8826	10.8585	10.8174	10.8058	10.9502	10.9599	10.9601	10.9151	10.8819	10.9091	10.923	10.9735	11.0184	11.0108	10.9777	11.0706	11.0981	11.1472	11.2073	11.2115	11.2506	11.2862	11.3527	11.343	11.3588	11.3684	11.3588	11.3725	11.4418	11.4045	11.3647	11.4061	11.3665	11.3135	11.2625	11.2117	11.2137	11.1547	11.1259	11.1221	11.0946	11.1683
8.5397	8.5833	8.6227	8.613	8.6227	8.654	8.68	8.678	8.6693	8.692	8.6607	8.6037	8.6517	8.753	8.7607	8.6957	8.5863	8.5433	8.687	8.7533	8.64	8.699	8.7297	8.71	8.7167	8.7237	8.7317	8.6973	8.6693	8.6053	8.538	8.5957	8.56	8.5887	8.626	8.653	8.6267	8.6153	8.5217	8.466	8.4113	8.357	8.3393	8.3247	8.2657	8.319	8.2887	8.2423	8.257
9.66	9.67	9.685	9.675	9.685	9.7	9.715	9.735	9.73	9.775	9.82	9.83	9.835	9.845	9.865	9.89	9.85	9.87	9.9	9.895	9.91	9.9	9.855	9.835	9.825	9.81	9.805	9.815	9.82	9.81	9.84	9.85	9.89	9.9	9.89	9.9	9.885	9.89	9.9	9.91	9.9	9.895	9.9	9.91	9.9	9.905	9.925	9.93	9.92
12.1151	12.1426	12.3508	12.3479	12.3055	12.2616	12.1981	12.1428	12.0072	11.8935	11.8882	11.9587	12.0029	12.201	12.1288	12.14	12.1307	12.2355	12.281	12.2468	12.3361	12.3937	12.3481	12.3236	12.2956	12.3686	12.4258	12.5014	12.4874	12.3768	12.3813	12.3048	12.2446	12.1688	12.0729	12.1125	12.2404	11.9815	11.8649	11.8094	11.7408	11.6974	11.6185	11.5731	11.5864	11.5762	11.5591	11.4528	11.3577
8.6333	8.5	8.5133	8.4667	8.3533	8.2467	8.07	8	7.8867	7.82	7.8133	7.92	8.0033	7.9267	7.9933	8.0367	8.0133	7.9233	8.0167	8.1367	8.2733	8.3033	8.4	8.4767	8.8233	8.9133	9.1067	9.3167	9.4833	9.76	9.77	9.6467	9.73	9.83	9.71	9.6167	9.63	9.54	9.46	9.36	9.26	9.1867	8.99	8.8567	8.7567	8.6267	8.4633	8.3067	8.2167
11.76	11.74	11.755	11.765	11.77	11.765	11.765	NA	NA	NA	NA	11.74	11.735	11.73	11.735	11.725	11.75	11.75	11.77	11.81	11.83	11.87	11.875	11.89	11.905	11.9	11.92	11.895	11.925	11.905	11.91	11.93	11.9	11.885	11.88	11.845	11.815	11.775	11.725	11.705	11.7	11.705	11.715	11.725	11.725	11.735	11.725	11.72	11.735
8.97	8.965	8.965	8.965	8.98	8.975	8.965	8.96	8.96	8.965	8.965	NA	NA	NA	8.94	8.925	8.955	8.99	9.005	9.025	9.025	9.03	9.035	9.04	9.035	9.03	9.015	9.035	9.055	9.065	9.065	9.065	9.075	9.055	9.065	9.065	9.06	9.04	9.045	9.04	9.035	9.04	9.05	9.055	9.045	9.055	9.055	9.025	9.015
9.249	9.233	9.228	9.239	9.235	9.251	9.265	9.26	9.255	9.259	9.256	9.264	9.275	9.281	9.28	9.284	9.276	9.27	9.288	9.286	9.299	9.291	9.31	9.311	9.315	9.321	9.315	9.338	9.341	9.345	9.349	9.35	9.341	9.349	9.359	9.372	9.378	9.344	9.337	9.305	9.276	9.277	9.305	9.314	9.306	9.291	9.264	9.264	9.294
9.5667	9.5533	9.5133	9.4767	9.4767	9.4867	9.3267	9.3033	9.3167	9.1967	9.17	9.1033	9.0733	9.16	9.3467	9.42	9.4667	9.5767	9.67	9.7233	9.7633	9.7867	9.8967	10.0367	10.12	10.3633	10.62	11.1633	12.5333	12.6667	12.7733	13.7367	14.06	14.5067	14.3333	13.9767	13.73	13.4533	12.7233	12.32	12.32	12.2967	12.1933	11.9767	11.41	11.1	11.0433	10.8733	10.6333
13.865	13.865	13.875	13.865	13.875	13.85	13.865	13.85	13.865	13.85	13.845	13.835	13.835	13.845	13.865	13.885	13.89	13.935	13.94	14.03	14.035	14.07	14.15	14.18	14.235	14.275	14.275	14.29	14.29	14.26	14.25	14.245	14.2	14.175	14.14	14.13	14.1	14.075	14.06	14.045	14.045	NA	NA	NA	14.04	14.045	14.06	14.06	14.05
7.35	7.8	8.15	8.15	7.85	7.95	7.65	6.9	6.6	6.9	8.1	8.45	8.95	9.65	9.35	9.3	9.4	9.35	9.65	9.9	9.65	9.8	9.65	10.2	10.15	10.05	9.9	9.85	9.85	10.05	10	9.8	9.85	9.6	9.55	9.25	9.25	9.05	8.9	8.65	8.7	8.55	8.3	8.35	8.3	8.15	8.05	7.9	7.85
13.99	13.945	13.825	13.9	13.83	13.78	13.7	13.535	13.505	13.435	13.3	13.21	13.095	12.835	12.685	11.4	8.4	8.325	8.31	8.385	8.545	8.72	9.025	9.165	8.91	8.785	8.725	8.53	8.455	8.24	8.07	8.03	7.89	7.79	7.735	7.815	7.805	7.74	7.61	8.465	8.03	7.99	8.445	9.515	10.295	10.815	11.495	11.665	11.75
9.0689	9.0589	9.0529	9.0472	9.0399	9.0222	9.0152	9.0169	9.0175	9.0179	9.0109	9.0132	9.0255	9.0599	9.0792	9.0832	9.0875	9.0819	9.0845	9.1015	9.1055	9.1279	9.1369	9.1392	9.1459	9.1442	9.1382	9.1422	9.1459	9.1472	9.1615	9.1662	9.1639	9.1689	9.1679	9.1612	9.1482	9.1462	9.1415	9.1282	9.1162	9.1269	9.1219	9.1102	9.1215	9.1149	9.1182	9.1139	9.1095
11.32	11.3362	11.2619	11.3004	11.2049	11.2364	11.1073	11.0153	11.0343	11.0809	10.9609	10.924	10.9938	10.9908	11.1711	11.264	11.2858	11.3396	11.3363	11.5063	11.6433	11.65	11.6935	11.649	11.8009	11.8803	11.9965	12.0681	12.1085	12.1223	12.232	12.1887	12.2362	12.3998	12.3629	12.5485	12.5207	12.4241	12.3481	12.4081	12.2106	11.6139	11.6539	11.7618	11.5481	11.5724	11.3243	11.0618	11.5084
12.4747	12.418	12.3993	12.2827	12.236	12.312	12.224	12.236	12.2893	12.234	12.2487	12.248	12.2173	12.238	12.2507	12.3087	12.294	12.1787	12.1247	12.1573	12.212	12.2127	12.1767	12.184	12.1893	12.162	12.146	12.0747	12.2233	12.15	12.2147	12.1813	12.146	12.188	12.1607	12.1673	12.2067	12.2167	12.25	12.1353	12.2127	12.156	12.0753	11.9627	11.924	11.804	11.9713	12.03	11.986
9.1273	9.0098	9.0623	9.0005	9.0611	9.2031	9.2221	9.2388	9.0847	8.8726	8.8919	8.7211	8.6751	8.4861	8.288	8.2536	8.2724	8.3235	8.3311	8.3547	8.6339	8.9395	9.1673	9.1468	9.3528	9.3908	9.3405	9.3467	9.2773	9.3378	9.3178	9.5773	9.6036	9.5117	9.5564	9.6266	9.6552	9.6835	9.7216	9.7594	9.7855	9.6634	9.6442	9.5362	9.4304	9.1857	9.1634	9.1452	8.996
9.41	9.4533	9.4433	9.3767	9.3733	9.37	9.39	9.38	9.3767	9.3433	9.3267	9.2933	9.3033	9.3033	9.2867	9.2767	9.2767	9.2933	9.3033	9.3733	9.44	9.53	9.6	9.6733	9.7667	9.9067	NA	NA	10.3633	10.55	10.7133	10.69	10.5867	10.5167	10.5233	10.6833	10.5	10.5067	10.4233	10.3333	10.3233	10.2333	10.1833	10.1433	10.0933	10.0033	9.8	9.6567	9.5667
11.65	11.645	11.645	11.645	11.65	11.64	11.635	11.635	11.63	11.625	11.625	11.615	11.615	11.615	NA	NA	11.635	11.66	11.685	11.695	11.715	11.72	11.715	11.72	11.695	11.72	11.71	11.725	11.72	11.7	11.71	11.7	11.7	11.715	11.695	11.68	11.675	NA	NA	11.66	11.65	11.655	11.66	11.67	11.655	11.655	NA	NA	NA
9.4207	9.446	9.455	9.473	9.43	9.4523	9.4977	9.5243	9.559	9.6007	9.6323	9.6493	9.6617	9.6237	9.4903	9.4937	9.5513	9.5537	9.543	9.5447	9.5453	9.535	9.5043	9.4733	9.4013	9.3877	9.352	9.3453	9.3333	9.2877	9.318	9.3527	9.301	9.326	9.3857	9.3897	9.3957	9.3967	9.4247	9.4483	9.4487	9.4553	9.5057	9.5287	9.5547	9.5527	9.561	9.5857	9.5913
7.364	7.338	7.332	7.332	7.329	7.382	7.389	7.386	7.357	7.343	7.343	7.33	7.336	7.317	7.229	7.292	7.336	7.354	7.38	7.367	7.39	7.414	7.429	7.39	7.427	7.45	7.45	7.457	7.461	7.502	7.499	7.494	7.501	7.445	7.463	7.469	7.467	7.442	7.419	7.411	7.362	7.379	7.354	7.396	7.405	7.388	7.365	7.346	7.282
7.207	7.1479	7.2167	7.1803	7.0943	7.1791	7.1713	7.2303	7.1455	6.9569	6.9205	6.9206	6.8555	7.0324	6.8993	6.9628	6.9643	6.7891	6.8012	6.9448	7.1002	7.111	7.1486	7.1834	7.194	7.2137	NA	7.4161	7.3179	7.3301	7.3284	7.3557	7.3616	7.3798	7.3844	7.3798	7.331	7.337	7.3656	7.337	7.3612	7.352	7.3596	7.355	7.3537	7.3731	7.3761	7.3973	7.4426
8.8085	8.8189	8.8202	8.8352	8.8292	8.8379	8.8395	8.8465	8.8445	8.8495	8.8482	8.8422	8.8392	8.8562	8.8675	8.8762	8.8912	8.8989	8.9262	8.9295	8.9395	8.9465	8.9482	8.9579	8.9712	8.9772	8.9835	8.9919	8.9925	8.9915	8.9785	8.9755	8.9792	8.9849	8.9832	8.9715	8.9649	8.9602	8.9495	8.9452	8.9322	8.9339	8.9265	8.9175	8.9172	8.9115	8.9105	8.9045	8.9032
10.445	10.43	10.415	10.405	NA	NA	NA	10.38	10.375	10.365	10.355	10.345	10.365	10.385	10.405	10.415	10.41	10.4	10.39	10.37	10.355	10.35	10.345	10.335	10.325	10.33	10.325	10.325	10.325	10.325	10.32	10.315	NA	NA	NA	10.305	10.285	10.26	10.24	10.225	10.215	10.2	10.185	10.175	10.13	NA	NA	NA	10.07
9.867	9.8487	9.8723	9.9163	9.9693	9.9977	10.0077	10.0297	10.0273	10.021	10.0377	10.0503	10.0497	10.0857	10.0837	10.0437	9.9607	9.941	9.9717	9.9673	9.9147	9.8947	9.8483	9.81	9.677	9.714	9.6847	9.6657	9.6023	9.5953	9.5867	9.563	9.593	9.584	9.5957	9.5967	9.6163	9.6413	9.704	9.6927	9.7487	9.7277	9.7747	9.7643	9.735	9.773	9.7503	9.764	9.762
12.215	12.205	12.195	12.22	12.205	12.155	12.145	12.08	12.05	11.975	11.925	11.88	11.835	11.82	11.81	11.87	11.945	11.96	11.95	11.955	12.015	12.025	12.08	12.15	12.255	12.27	12.26	12.27	12.28	12.3	12.305	12.285	12.245	12.23	12.21	12.15	12.11	12.035	11.955	11.915	11.88	NA	NA	11.845	11.835	11.815	11.815	11.775	11.76
10.0412	10.0312	10.0219	10.0289	10.0285	10.0122	10.0122	10.0039	10.0082	10.0025	10.0149	10.0159	10.0142	10.0109	10.0215	10.0522	10.0615	10.0515	10.0705	10.0735	10.0799	10.0775	10.0745	10.0879	10.0929	10.0972	10.0959	10.1069	10.1139	10.1189	10.1249	10.1322	10.1352	10.1385	10.1259	10.1262	10.1219	10.1152	10.1165	10.1082	10.1095	10.1075	10.1052	10.0865	10.0849	10.0905	10.0755	10.0825	10.0769
11.045	11.065	11.08	11.06	11.025	11.005	10.985	10.96	10.955	10.93	10.9	10.87	10.855	10.845	10.815	10.845	10.97	11.055	11.095	11.14	11.17	11.2	11.235	11.22	11.24	11.25	11.335	11.24	11.245	11.245	11.27	11.27	11.27	11.275	11.265	11.275	11.24	11.26	11.22	11.185	11.14	11.155	11.19	11.19	11.165	11.19	11.195	11.165	11.19
9.58	9.6	9.84	10.215	11.265	10.98	11.39	11.17	11.76	11.975	11.775	11.945	11.36	10.8	11.31	10.855	10.795	10.855	10.56	10.41	10.275	10.335	10.175	10.03	10.015	10	10.02	9.975	9.96	9.935	9.91	9.91	9.885	9.845	9.83	9.82	9.805	9.77	9.7	9.705	9.74	9.745	9.69	9.56	9.54	9.52	9.485	9.395	9.41
11.695	11.685	11.655	11.665	11.685	11.7	11.685	11.66	11.655	11.645	11.615	11.595	11.605	11.595	11.495	11.49	11.495	11.57	11.6	11.695	11.805	11.89	11.955	11.925	11.79	11.83	11.83	11.85	11.885	11.875	11.89	11.875	11.845	11.855	11.85	11.8	11.77	11.765	11.745	11.73	11.715	11.62	11.62	11.535	11.625	11.61	11.505	11.56	11.56
10.7131	10.8006	10.7894	11.0451	10.7294	10.8338	10.7131	10.6839	10.7505	10.6681	10.6058	10.7125	10.5277	10.4786	10.8814	10.8965	10.7611	10.8255	10.7831	10.6991	10.8489	10.7802	10.8486	10.7179	10.6804	10.7246	10.7488	10.7392	10.779	10.7327	10.7394	10.7965	10.62	10.3882	10.4102	10.4897	10.6058	10.749	10.8151	10.7908	10.5817	10.4848	10.4409	10.232	10.1992	10.1421	10.3022	10.4842	10.2528
9.8054	9.7202	9.6897	9.7323	9.6877	9.6389	9.5983	9.58	9.568	9.513	9.4349	9.4571	9.4875	9.5401	9.354	9.3865	9.3054	9.2589	9.3238	9.3825	9.4875	9.5624	9.4755	9.7038	9.8193	9.9649	9.961	9.9225	9.8354	9.7404	9.8779	9.8678	9.9832	10.0155	9.9797	9.984	9.8962	9.9162	10.0884	10.149	10.0924	10.1321	10.0731	10.0074	9.9749	9.8819	9.9346	9.7991	9.8183
7.1168	7.0438	7.0519	7.0354	7.0646	7.1068	7.0705	7.1038	6.9955	6.9772	7.1188	7.1114	7.1173	7.1413	7.1354	7.1549	7.1429	7.1413	7.1578	7.1624	7.1504	7.1518	7.1503	7.1264	7.081	7.1079	7.1037	7.1532	7.1474	7.1699	7.1474	7.2152	7.1683	7.2076	7.2242	7.2485	7.2589	7.2334	7.2121	7.2272	7.2242	7.2197	7.2213	7.1985	7.1955	7.2333	7.2423	7.2091	7.207
9.3438	9.3044	9.316	9.3347	9.3444	9.4833	9.6331	9.6302	9.6527	9.6398	9.6801	9.7164	9.7415	9.7959	9.8301	9.8881	9.9672	10.0601	10.122	10.1343	10.1299	10.1386	10.0995	10.0856	10.0579	10.014	9.9855	10.0054	9.9643	9.8801	9.8481	9.7676	9.7313	9.7018	9.6587	9.6669	9.6187	9.6436	9.6675	9.667	9.6865	9.6872	9.6848	9.6708	9.7222	9.6855	9.6559	9.6462	9.639
9.517	9.373	9.243	9.157	9.247	9.387	9.307	9.267	9.21	9.347	9.45	9.48	9.57	9.643	9.69	9.507	9.423	9.4	9.39	9.217	9.393	9.443	9.41	9.547	9.63	9.567	9.573	9.543	9.52	9.607	9.567	9.75	9.713	9.73	9.713	9.667	9.723	9.69	9.623	9.483	9.527	9.603	9.487	9.47	9.543	9.557	9.47	9.257	9.19
12.416	12.4213	12.4493	NA	12.3907	12.364	12.3307	12.4153	12.4	12.366	12.3793	12.3973	12.374	12.4573	12.432	12.392	12.338	12.3533	12.338	12.3433	12.1093	12.0767	11.9593	12.0613	12.1393	12.2747	12.3667	12.3907	12.4007	12.3867	12.4007	12.3013	12.4193	12.4907	12.4673	12.4773	12.4033	12.4707	12.4467	12.3367	12.3507	12.3473	12.3347	12.3347	12.428	12.496	12.3913	12.376	12.3593
18.62	18.36	18.185	18.155	17.73	17.42	17.215	16.985	16.385	14.43	14.665	13.805	14.385	15.51	15.555	15.745	15.555	15.47	15.8	15.155	10.67	4.35	3.215	2.925	2.16	1.86	1.975	2.41	3.285	4.165	5.295	7.23	7.305	9.285	10.02	8.155	6.285	4.95	3.95	4.645	5.52	5.425	6.36	7.28	8.675	12.7	11.035	12.18	14.02
7.4426	7.381	7.3753	7.3543	7.3738	7.3933	7.3739	7.3559	7.3604	7.3918	7.4023	7.3873	7.3918	7.3634	7.3859	7.3441	7.3783	7.4038	7.3576	7.359	7.3665	7.3619	7.3724	7.3605	7.3814	7.3904	7.3723	7.4023	7.4158	7.4232	7.4083	7.3846	7.4083	7.3459	7.3236	7.3593	7.3697	7.3951	7.3921	7.4025	7.3876	7.3787	7.3951	7.3608	7.3267	7.3295	7.3368	7.3428	7.4212
7.4733	7.41	7.3933	7.3133	7.3067	7.1133	7.0367	6.9833	7.0467	7.09	7.7667	7.99	7.96	7.7733	7.51	7.3667	7.3667	7.2367	7.3933	7.67	7.9167	8.0867	8.2367	8.35	8.2567	8.23	8.0033	7.86	7.8233	8.0333	8.37	8.4333	8.3433	8.3767	8.4567	8.6067	8.6633	8.7567	8.7267	8.45	8.36	8.1433	7.9733	7.7967	7.6367	7.8033	7.8933	7.8767	7.76
10.84	10.84	10.975	11.18	11.405	11.755	12.005	11.885	11.81	12.165	12.36	12.445	12.67	12.78	12.84	12.89	12.855	12.955	13.015	12.99	13.015	12.71	12.54	11.95	11.46	11.355	11.265	11.085	10.86	10.89	11.225	10.875	10.505	10.38	10.37	10.39	10.41	10.515	10.675	10.735	10.575	10.66	11.27	11.19	11	10.7	10.77	11.025	11.1
7.16	7.1567	7.16	7.1533	7.0567	6.9433	6.89	6.8433	6.7967	6.7467	6.65	6.5733	6.5733	6.7867	6.8867	6.85	6.8867	6.94	7.0833	7.1333	7.1067	7.11	7.1267	7.0333	7.0133	6.7433	6.53	6.4767	6.5333	6.7233	7.0333	7.1333	7.39	7.63	7.5233	7.41	7.3433	7.21	7.24	7.06	6.78	6.68	6.5633	6.46	6.6267	6.6567	6.5667	6.51	6.4433
7.76	7.81	7.7367	7.68	7.6267	7.5867	7.6133	7.5467	7.52	7.5633	7.5433	7.4667	7.3867	7.42	7.3733	7.4667	7.5733	7.4733	7.44	7.75	7.48	7.56	7.6533	7.7367	7.75	7.6933	7.6533	7.7167	7.75	7.6567	7.6767	7.93	7.98	8.05	8.1267	8.32	8.3533	8.2033	8.16	8.1133	8.0733	8.1133	8.0833	7.97	7.7033	7.5367	7.5433	7.5167	7.6433
11.0158	11.0237	11.0758	10.9872	10.8617	10.7436	10.8043	10.8571	10.8199	10.7413	10.7784	10.6847	10.7941	10.716	10.7744	10.7512	10.7822	10.8213	10.9923	11.0432	11.0276	11.0316	11.0334	10.9748	11.1661	11.2606	11.3079	11.3137	11.3827	11.3728	11.4735	11.4655	11.4084	11.2505	11.3985	11.3945	11.349	11.369	11.4339	11.3547	11.3667	11.1701	11.0079	10.9553	10.9824	10.9042	11.0224	11.081	11.0859
7.409	7.379	7.369	7.399	7.343	7.335	7.363	7.344	7.373	7.378	7.385	7.353	7.337	7.338	7.394	7.425	7.286	7.311	7.31	7.3	7.3	7.221	7.18	7.172	7.136	7.114	7.115	7.088	7.061	7.05	7.049	7.069	7.059	7.049	7.044	7.01	6.977	6.929	6.913	6.967	NA	6.979	6.922	6.948	7.016	7.025	7.005	7.081	7.105
11.75	11.96	11.785	11.72	11.47	11.44	11.31	11.52	11.375	11.315	11.04	11.125	10.92	10.85	10.895	10.835	10.8	10.935	11.09	11.195	11.155	11.025	10.23	9.6	8.825	8.22	8.09	8.37	8.68	8.49	8.705	8.87	9.095	9.25	9.45	9.55	9.6	9.81	9.8	9.83	9.89	10.005	10.12	10.105	10.25	10.37	10.65	11.27	11.27
10.417	10.2629	10.2094	10.1971	10.2373	10.2825	10.3192	10.264	10.2752	10.2281	10.0851	10.0462	10.1097	10.3384	10.4039	10.5284	10.5548	10.6019	10.6653	10.5895	10.6837	10.7183	10.7456	10.7927	10.7252	10.7311	10.6698	10.6391	10.5916	10.6079	10.7039	10.7001	10.6243	10.6062	10.555	10.4588	10.4855	10.4059	10.4752	10.4651	10.4609	10.4956	10.3531	10.3023	10.3001	10.233	10.0497	9.9765	9.9235
10.0769	10.0659	10.0612	10.0635	10.0649	10.0585	10.0615	10.0529	10.0595	10.0532	10.0545	10.0539	10.0489	10.0585	10.0575	10.0692	10.0679	10.0782	10.0892	10.0935	10.0945	10.1052	10.1085	10.1065	10.1125	10.1209	10.1192	10.1165	10.1295	10.1422	10.1325	10.1412	10.1365	10.1339	10.1382	10.1475	10.1459	10.1399	10.1432	10.1442	10.1429	10.1352	10.1289	10.1259	10.1239	10.1255	10.1262	10.1269	10.1262
10.2469	9.5852	9.6628	9.8371	9.6513	9.5409	9.4024	9.2835	9.1577	9.163	8.8931	8.6971	8.7302	8.6771	8.5886	8.9884	9.1144	9.4692	9.485	9.7995	10.2529	10.3297	10.8659	11.6676	12.3456	12.7065	12.8171	12.9767	12.9892	13.2371	13.4011	13.6904	13.6989	13.9352	14.0116	13.9907	14.4372	14.8393	14.9892	14.883	14.7601	14.9498	15.1184	14.9219	14.2494	14.1115	12.8842	13.4381	13.5669
14.9333	14.97	14.9933	14.9867	14.9867	14.9867	14.9833	14.98	14.9867	14.9833	15.03	15.1167	15.1233	15.1267	15.1267	15.1067	15.08	15.0533	15.0567	15.0367	15.0067	14.9467	14.94	14.8933	14.9067	14.8867	14.88	14.8733	14.8233	14.8133	14.7667	14.7233	14.7533	14.76	14.7367	14.7467	14.7667	14.76	14.7533	14.7533	14.73	14.73	14.7367	14.7467	14.74	14.7133	14.6767	14.66	14.6433
11.815	11.83	11.835	11.83	11.85	11.84	11.835	11.82	11.815	11.815	11.81	11.805	11.8	11.79	11.78	11.79	11.795	11.81	11.835	11.86	11.855	11.875	11.85	11.86	11.86	11.82	11.835	11.86	11.865	11.855	11.875	11.895	11.895	11.9	11.85	11.82	11.81	11.785	11.785	11.765	11.76	11.76	11.74	11.725	11.73	11.72	11.705	11.7	11.705
10.604	10.593	10.554	10.538	10.544	10.536	10.536	10.539	10.541	10.526	10.477	10.453	10.5	10.477	10.444	10.464	10.444	10.487	10.537	10.555	10.577	10.576	10.58	10.575	10.567	10.597	10.619	10.638	10.651	10.632	10.598	10.615	10.66	10.654	10.678	10.699	10.802	10.862	10.769	10.683	10.667	10.676	10.706	10.718	10.889	10.9	10.801	10.684	10.641
11.62	11.615	11.62	11.615	11.62	11.625	11.615	11.615	11.615	11.605	11.615	11.605	11.6	11.615	11.605	11.62	11.635	11.65	11.685	11.695	11.705	11.71	11.74	11.735	11.755	11.78	11.8	11.81	11.835	11.84	11.84	11.835	11.835	11.825	11.83	11.83	11.82	11.79	11.78	11.765	11.76	11.76	11.75	11.77	11.76	11.755	11.76	11.76	11.755
9.895	9.9	9.9	9.89	9.905	9.935	9.95	9.995	10.045	10.075	10.11	10.13	10.17	10.2	10.24	10.275	10.31	10.36	10.4	10.425	10.365	10.33	10.35	10.325	10.23	10.15	10.12	10.12	10.135	10.135	10.12	10.09	10.005	9.965	9.98	10.005	10.01	9.97	9.975	9.975	9.955	9.935	9.95	9.965	9.945	9.95	9.965	9.98	9.995
8.684	8.668	8.714	8.673	8.635	8.598	8.595	8.595	8.595	8.601	8.636	8.699	8.733	8.769	8.813	8.867	8.895	8.898	9.075	9.211	9.562	9.778	9.808	9.993	10.109	9.818	9.7	10.133	9.935	9.843	9.955	9.824	9.697	9.943	10.274	10.223	9.946	9.795	9.637	9.523	9.427	9.467	9.544	9.673	9.939	9.992	9.957	9.888	9.76
10.9733	10.9833	10.9867	11.0133	11.03	11.0467	11.0433	11.0633	11.0667	11.07	11.0867	11.13	11.1267	11.1267	11.1267	11.1333	11.1333	11.1367	11.1533	11.2067	11.27	11.3133	11.3033	11.3167	11.32	11.3067	11.3167	11.3233	11.33	11.3367	11.3367	11.3467	11.3667	11.4367	11.4967	11.4767	11.4667	11.5167	11.4967	11.4833	11.48	11.4833	11.4833	11.4867	11.4833	11.4933	11.4733	11.44	11.4233
11.4233	11.41	11.41	11.4033	11.38	11.3667	11.39	11.39	11.3833	11.3867	11.4	11.4133	11.4267	11.4133	11.44	11.4067	11.3633	11.3367	11.3233	11.3033	11.3067	11.3333	11.37	11.3733	11.3467	11.3367	11.3433	11.35	11.3267	11.29	11.2433	11.2567	11.21	11.2	11.1867	11.2167	11.17	11.2333	11.2833	11.28	11.2633	11.28	11.22	11.18	11.23	11.22	11.1833	11.16	11.1167
9.639	9.6824	9.6935	9.7298	9.7517	9.7724	9.6922	9.6434	9.6596	9.6899	9.6683	9.676	9.6467	9.712	9.7519	9.8109	9.9356	10.0448	10.126	10.1693	10.1971	10.1794	10.1705	10.2171	10.2568	10.4354	10.6324	10.6348	10.625	10.4912	10.5508	10.4765	10.261	10.1816	10.1602	10.0147	9.8446	9.6516	9.8717	9.8606	9.2614	9.4363	9.4756	9.5258	9.6611	9.4935	9.4813	9.5014	9.3708
13.1467	13.1767	13.1867	13.2067	13.22	13.23	13.2067	13.2333	13.33	13.4033	13.4267	13.4767	13.51	13.56	13.5667	13.58	13.5367	13.4367	13.18	12.9367	12.7467	12.7133	12.8167	13.06	13.0567	12.99	12.9333	12.9	12.9167	12.98	12.9933	12.9433	12.9233	12.9267	12.9133	12.99	13.0067	13.0233	13.06	13.05	13.09	13.1267	13.1267	13.2	13.2533	13.26	13.2933	13.2533	13.19
8.65	8.65	8.9	8.95	8.55	8.25	7.95	7.2	7.2	7.6	7.65	8.15	9	9	9.15	9.45	10.85	10.1	10.1	10.65	10.55	10.4	10.3	10.35	10.25	10.2	10	10.2	10.2	10.35	10.2	10.2	10.25	10.05	10	10.1	9.95	9.75	9.65	9.45	9.15	9.4	9.65	9.45	9.1	8.9	8.9	8.9	8.9
11.7746	11.5868	10.8576	11.13	11.1507	11.1276	10.9123	10.7477	10.782	10.7363	10.857	10.9744	10.8746	10.7689	10.7349	10.6596	10.614	10.6686	10.7302	11.1087	11.4861	11.4575	11.1415	11.1537	11.236	11.8102	11.7695	11.6575	11.8887	12.4244	12.8395	13.1457	13.6419	13.9478	13.8525	13.7848	13.5664	13.4054	13.4428	13.2247	11.2252	11.7166	12.5637	12.7787	13.0145	12.8343	12.776	12.3978	12.2526
8.0113	7.994	7.9877	7.9703	7.9537	7.9187	7.9333	7.892	7.864	7.85	7.8473	7.8457	7.8417	7.851	7.8267	7.682	7.756	7.8343	7.8557	7.921	7.932	7.9493	7.842	7.8773	7.8703	7.8517	7.8727	7.8727	7.8787	7.85	7.8057	7.7697	7.8333	7.8697	7.9587	7.9697	7.7807	7.605	7.59	7.6357	7.572	7.596	7.557	7.521	7.5003	7.5117	7.51	7.483	7.476
12.8345	12.7705	12.7866	12.8214	12.7922	12.789	12.7244	12.7008	12.6888	12.6719	12.6682	12.6921	12.7221	12.7578	12.8018	12.8832	13.0178	13.0843	13.1411	13.2199	13.2812	13.3969	13.536	13.7795	13.9136	13.9466	13.923	13.9636	13.9551	14.1312	14.245	14.19	14.0002	13.7947	13.6512	13.5674	13.4893	13.4013	13.36	13.3048	13.2861	13.2887	13.2689	13.2204	13.1457	13.0468	12.9731	12.8787	12.8403
12.06	12.0367	12.02	12.08	12.0767	12.06	12.06	12.05	12.07	12.1233	12.1467	12.1233	12.0967	12.1033	12.18	12.2333	12.2833	12.2867	12.2967	12.3367	12.36	12.38	12.41	12.4267	12.52	12.5633	12.5933	12.64	12.71	12.7433	12.7833	12.83	12.87	12.92	12.96	12.98	13.0233	13.0433	13.0933	13.1133	13.1233	13.16	13.17	13.2	13.2533	13.2767	13.3167	13.3533	13.3867
8.898	8.885	8.884	8.871	8.867	8.857	8.849	8.84	8.856	8.825	8.817	8.823	8.825	8.848	8.843	8.865	8.895	8.896	8.836	8.831	8.804	8.784	8.806	8.858	8.785	8.794	8.817	8.774	8.721	8.838	8.727	8.667	8.736	8.787	8.741	8.719	8.663	8.692	8.708	8.692	8.715	8.737	8.739	8.755	8.745	8.765	8.753	8.761	8.754
9.1233	9.0833	9.0033	8.9533	8.9267	8.8933	8.84	8.8233	8.63	8.6533	8.6033	8.5633	8.6033	8.6233	8.7167	8.7167	8.9933	9.4933	9.6933	9.8933	9.99	10.1167	10.1167	NA	11.6833	11.44	12.3967	12.5233	12.7233	13.0933	13.1867	13.4633	13.86	14.4833	14.4167	14.1567	13.9533	14.02	13.9767	13.8633	13.3033	13.1533	12.9933	12.9067	12.82	12.5133	12.23	12.0933	11.6267
7.307	7.294	7.344	7.413	7.421	7.381	7.377	7.361	7.35	7.359	7.394	7.427	7.413	7.506	7.612	7.589	7.606	7.64	7.633	7.606	7.569	7.576	7.55	7.512	7.487	7.448	7.377	7.374	7.374	7.351	7.334	7.388	7.378	7.361	7.291	7.229	7.237	7.136	7.092	7.059	7.02	7.067	7.043	7.155	7.164	7.255	7.306	7.284	7.284
11.6267	11.4733	11.2567	11.1067	11.0333	11.0033	11.25	11.3467	11.7067	11.6167	11.5467	11.7433	11.79	11.7733	11.5033	11.8033	12.04	11.9167	11.66	11.5667	11.77	11.32	10.85	10.9233	10.7433	11.3933	12.1233	12.56	12.51	12.2233	12.25	12.18	12.1	11.9667	11.91	11.7667	11.7033	11.8633	11.68	11.1833	11.07	10.97	10.59	10.4667	10.23	10.0533	9.57	9.3967	9.3433
9.1373	9.0647	9.1067	9.0907	9.1733	9.1887	9.1387	9.1947	9.2053	9.2473	9.2103	9.1537	9.2057	9.2717	9.2143	9.174	9.1497	9.3307	9.344	9.189	8.962	8.8233	8.7753	8.7897	8.8837	8.832	8.694	8.7217	8.7893	8.5917	8.8103	8.9023	8.7777	8.8897	8.7553	8.8933	8.694	8.4973	8.502	8.435	8.6687	8.691	8.7467	8.7463	8.6973	8.737	8.7747	8.798	8.823
13.648	13.6682	13.6885	13.6722	13.6195	13.5589	13.5589	13.5438	13.4531	13.4531	13.4128	13.4128	13.3447	13.3447	13.4049	13.3648	13.4049	13.425	13.4852	13.5376	13.6343	13.6343	13.7052	13.7407	13.8545	13.8912	13.8507	13.9735	14.0346	14.1474	14.205	14.2832	14.3989	14.329	14.4939	14.5427	14.5587	14.4964	14.4548	14.4341	14.351	14.2472	14.2057	14.0556	14.0142	13.9728	13.9521	13.7038	13.4347
7.6433	7.72	7.8	7.74	7.6033	7.5267	7.5167	7.4633	7.42	7.5067	7.4633	7.2833	7.17	7.4367	7.6067	7.85	7.8667	7.8867	7.9267	7.88	7.7033	7.6633	7.7033	7.66	7.6333	7.6167	7.6633	7.6433	7.6133	7.94	8.0533	7.8867	7.93	8.19	8.2167	8.1867	8.19	8.3133	8.2767	8.2967	8.3133	8.31	8.2833	8.2467	8.18	8.02	7.9067	7.74	7.51
12.2107	12.1827	12.0233	12.09	12.082	11.914	12.308	12.0633	12.082	12.2207	12.1853	12.1547	12.0633	11.998	11.8887	11.9713	11.9353	11.928	11.8973	11.8833	11.826	11.882	12.242	12.4987	12.3227	12.264	12.2367	12.21	12.2913	12.268	12.312	12.428	NA	NA	12.46	12.3973	12.5867	12.6247	12.5393	12.5847	12.5967	12.5287	12.592	12.6293	12.6347	12.6053	12.5827	12.522	12.6173
9.92	9.895	9.905	9.92	9.955	10.015	10.065	10.16	10.18	10.36	10.455	10.255	10.305	10.28	10.36	10.33	10.31	10.225	10.24	10.26	10.245	10.22	10.19	10.175	10.17	10.155	10.14	10.145	10.14	10.13	10.135	10.14	10.125	10.29	10.215	10.195	10.18	10.15	10.135	10.125	10.1	10.07	10.06	10.06	10.055	10.04	9.95	9.9	9.895
9.64	9.64	9.65	9.65	9.655	9.65	9.635	9.62	9.61	9.605	9.58	9.57	9.57	9.55	9.53	9.535	9.535	9.565	9.595	9.605	9.62	9.615	9.645	9.575	9.665	9.66	9.7	9.71	9.695	9.715	9.74	9.73	9.75	9.795	9.785	9.77	9.82	9.79	9.75	9.705	9.695	9.72	9.69	9.705	9.715	9.74	9.735	9.72	9.68
9.8443	9.892	9.9413	10.0223	10.036	10.0453	10.0213	9.9873	9.9863	9.9987	10.0107	10.0573	10.0777	10.1303	10.1393	10.0853	10.0163	9.968	9.984	9.9577	9.963	9.9633	9.783	9.825	9.7273	9.6353	9.575	9.6743	9.8343	9.6003	9.5573	9.5957	9.5027	9.555	9.566	9.5627	9.589	9.6213	9.5957	9.6037	9.5133	9.5617	9.6913	9.735	9.7243	9.757	9.8063	9.86	9.867
10.943	10.7884	10.7867	10.7181	10.6116	10.4213	10.4303	10.4497	10.5025	10.388	10.3834	10.2891	10.4032	10.2648	10.3416	10.4245	10.5622	10.6477	10.6879	10.5845	10.6278	10.6879	10.6115	10.6903	10.7915	10.899	10.8077	10.7709	10.9229	10.9339	11.1085	11.1962	11.3453	11.4334	11.3993	11.4259	11.4657	11.4899	11.4234	11.3222	11.236	11.3064	11.2522	11.2018	10.9971	10.7337	10.7956	10.9108	10.9195
10.6407	10.7511	10.7575	10.6769	10.6124	10.6065	10.5399	10.5733	10.476	10.4661	10.4701	10.4992	10.3391	10.4623	10.4974	10.3861	10.4387	10.6262	10.718	10.7101	10.7608	10.716	10.3211	10.6808	11.0732	11.1777	11.1835	11.2388	11.225	11.2604	11.3006	11.4137	11.4199	11.3859	11.4079	11.3801	11.4141	11.4675	11.3979	11.347	11.3231	11.2518	11.0633	10.9863	10.9704	10.7635	10.8477	10.9599	10.9973
11.54	11.545	11.495	11.49	11.46	11.365	11.31	11.315	11.31	11.28	11.265	11.27	11.285	11.29	11.295	11.31	11.34	11.38	11.45	11.545	11.63	11.715	11.755	11.79	11.83	11.805	11.88	11.91	11.935	12.015	12.055	12.1	12.09	12.055	12.02	11.99	11.935	11.915	11.9	11.905	11.9	11.925	11.85	11.825	11.84	11.86	11.835	11.825	11.83
11.8514	11.8324	11.8135	11.8324	11.8135	11.7272	11.6936	11.6559	11.637	11.5992	11.5237	11.4724	11.4643	11.4266	11.389	11.4078	11.4831	11.5019	11.5531	11.637	11.6559	11.6559	11.6559	11.7125	11.7503	11.8514	11.9272	11.9841	12.037	12.1432	12.014	12.1574	12.1622	12.2097	12.3767	12.4149	12.4531	12.4531	12.3958	12.3767	12.3576	12.3576	12.3288	12.2574	12.2574	12.2193	12.2003	12.2003	12.1622
6.46	6.429	6.399	6.418	6.409	6.423	6.502	6.493	6.506	6.489	6.498	6.503	6.61	6.673	6.683	6.705	6.675	6.697	6.636	6.775	6.812	6.722	6.588	6.51	6.377	6.361	6.364	6.239	6.347	6.285	6.329	6.368	6.338	6.286	6.171	6.185	6.244	6.112	6.115	6.154	6.178	6.161	6.199	6.228	6.252	6.304	6.308	6.374	6.387
8.7	8.705	8.69	8.685	8.665	8.67	NA	NA	NA	8.635	8.65	8.625	8.635	8.63	8.625	8.635	8.66	8.685	8.69	8.685	8.69	8.685	8.685	8.69	8.68	8.695	8.705	8.715	NA	NA	8.735	8.745	8.75	8.755	8.745	8.745	8.735	8.725	8.7	8.675	8.67	8.66	8.65	8.69	8.7	8.69	8.685	8.69	8.665
13.9967	13.8967	13.7633	13.6533	13.57	13.58	13.3433	13.2533	13.3533	13.4267	13.3167	13.2867	13.2467	13.1833	13.05	12.9367	13.1433	13.2833	13.3833	13.53	13.5367	13.6667	13.7367	13.8167	13.7833	13.9567	14.69	14.6833	14.5233	14.3767	14.45	14.49	14.6933	14.8967	15.03	14.88	14.7767	14.7333	14.6633	14.4433	14.26	14.1667	14.27	14.44	14.3933	14.3933	14.2867	14.1567	13.9933
9.4217	9.361	9.2612	9.15	9.1206	9.1304	9.2083	9.2015	9.1493	9.0907	9.0776	9.0581	8.9946	8.9873	8.9873	8.971	9.0035	9.0133	9.0425	9.1205	9.1595	9.14	9.0978	9.0913	9.127	9.3622	9.4395	9.4493	9.4037	9.4982	9.3906	9.3264	9.2375	9.2407	9.2505	9.3426	9.4689	9.4988	9.4649	9.3999	9.3967	9.283	9.2765	9.1584	9.1163	9.0386	8.9115	8.8422	8.8389
8.942	8.942	8.942	8.942	8.942	8.942	8.942	8.942	8.942	8.942	8.942	8.942	8.942	8.942	8.942	8.942	8.942	8.942	8.942	8.942	8.942	8.942	8.942	8.942	8.942	8.942	8.942	8.942	8.942	8.942	8.942	8.942	8.942	8.942	8.942	8.942	8.942	8.942	8.942	8.942	8.942	8.942	8.942	8.942	8.942	8.942	8.942	8.942	8.942
15.8534	15.7381	15.685	15.5888	15.4725	15.2587	14.9523	14.7573	14.6707	14.6991	14.6496	14.5844	14.6744	14.8826	14.8151	14.5425	14.1592	14.1849	14.2482	14.3866	14.3278	14.481	14.5554	14.7051	14.8883	14.9665	15.0268	15.0241	15.2226	15.548	16.0519	15.5968	15.2735	15.0902	15.0087	14.9158	14.7859	14.7268	14.6442	14.5407	14.4715	14.3512	14.2575	14.2055	14.1987	14.1949	14.1406	14.0599	13.9704
10.0249	10.0145	10.0205	10.0179	10.0155	10.0225	10.0132	10.0132	10.0095	10.0029	10.0005	9.9955	9.9929	9.9965	10.0005	10.0069	10.0085	10.0212	10.0255	10.0312	10.0332	10.0435	10.0482	10.0539	10.0612	10.0669	10.0685	10.0682	10.0732	10.0749	10.0825	10.0809	10.0775	10.0805	10.0805	10.0715	10.0772	10.0689	10.0675	10.0669	10.0665	10.0649	10.0625	10.0565	10.0549	10.0475	10.0429	10.0389	10.0382
7.4212	7.2546	7.2732	7.2494	7.3013	7.2806	7.1784	7.1413	7.1901	7.1535	7.1197	7.0783	7.1035	7.0223	6.9574	7.0046	7.0325	7.0001	7.0443	7.0873	7.0828	7.0192	7.0783	7.1979	7.2347	7.2333	7.1924	7.2321	7.2158	7.2393	7.2497	7.2393	7.2423	7.2336	7.1849	7.1807	7.1526	7.0483	7.0939	7.0998	7.1542	7.1673	7.1219	7.1658	7.1335	7.141	7.1014	6.9902	7.1191
11.3665	11.1706	11.3365	11.2272	11.1332	11.1095	11.1194	11.0956	11.0582	11.0061	11.0258	10.8798	10.8188	10.8819	10.9706	10.8997	10.9922	11.0185	11.0869	11.1598	11.1124	11.2368	11.1885	11.4043	11.4716	11.5428	11.5588	11.5864	11.5985	11.5825	11.6443	11.674	11.714	11.6919	11.706	11.704	11.6283	11.6084	11.6222	11.65	11.5782	11.5447	11.4317	11.4418	11.1539	11.0947	11.2368	11.0454	11.0158
12.6173	12.44	12.5287	12.5633	NA	12.2587	NA	12.1587	NA	12.2027	12.3933	12.368	12.238	12.4773	12.554	12.2447	12.2027	12.264	12.396	12.3647	12.3107	12.1553	12.2447	12.3087	12.2567	12.4127	12.5447	12.5967	12.6093	12.5887	12.5927	12.63	12.6213	12.6313	12.6393	12.6733	12.6687	12.6733	12.628	12.5967	12.6413	12.614	12.5993	12.574	12.5647	12.6613	12.4453	12.4453	12.4407
6.88	7.27	7.28	7.1467	7.0733	6.95	6.76	6.6733	6.6833	6.6233	6.5833	6.47	6.4567	6.4433	6.4033	6.62	6.87	6.9733	7.46	6.8233	6.44	6.2033	6.4467	6.77	6.8767	7.1167	7.34	7.5767	7.82	8.01	9.09	10.8133	10.9933	11.15	11.88	11.34	10.7667	10.7167	11.1267	11.3267	11.4667	11.0967	11.0667	11.0667	11.1567	10.36	9.5667	9.11	9.0267
9.3647	9.3313	9.2453	9.4533	9.6267	9.6493	9.7573	9.7127	9.674	9.64	9.5707	9.582	9.5933	9.5407	9.5467	9.478	9.6047	9.7493	9.726	9.7673	9.7933	9.8047	9.7933	9.7867	9.7807	9.7367	9.7333	9.6513	9.8227	9.7227	9.7787	9.792	9.6853	9.7333	NA	9.6713	9.7487	9.7007	9.6007	9.6293	9.538	9.4853	9.4513	9.3373	9.3327	9.1827	9.0947	9.0007	8.9227
10.129	10.133	10.114	10.11	10.102	10.106	10.093	10.096	10.085	10.089	10.087	10.081	10.071	10.058	10.069	10.105	10.111	10.1	10.103	10.086	10.081	10.063	10.036	10.024	10.042	10.045	10.034	10.054	10.068	10.086	10.082	10.095	10.105	10.12	10.15	10.191	10.104	10.099	10.101	10.063	10.059	10.062	10.081	10.09	10.095	10.092	10.09	10.083	10.087
13.09	13.0867	13.0933	13.08	13.0767	13.0633	13.0767	13.07	13.07	13.0567	13.0533	13.0567	13.07	13.0633	13.0333	13.0767	13.0867	13.01	12.94	12.83	12.78	12.81	12.8633	12.8633	12.8533	12.8833	12.8633	12.8767	12.8833	12.8733	12.8867	12.8767	12.9	12.9033	12.93	12.9	12.9267	12.96	12.9533	12.9767	12.9867	13.0033	13.0233	13.05	13.0733	13.0867	13.1033	13.1333	13.1467
9.1095	9.0959	9.0982	9.1035	9.1015	9.1029	9.0955	9.0925	9.0912	9.0922	9.0972	9.0999	9.1245	9.1659	9.2245	9.2539	9.3179	9.3079	9.3035	9.2499	9.1695	9.1915	9.1632	9.1465	9.1529	9.1472	9.1655	9.1579	9.1669	9.1829	9.1995	9.1765	9.1779	9.1835	9.1882	9.1985	9.1975	9.1945	9.1879	9.1809	9.1759	9.1505	9.1502	9.1542	9.1509	9.1435	9.1309	9.1199	9.1522
9.633	9.63	9.723	9.753	9.693	9.603	9.703	9.517	9.633	9.5	9.447	9.48	9.443	9.517	9.483	9.567	9.707	9.973	10.127	10.097	10.097	10.083	10.09	10.05	10.003	10	10.033	10.073	10.073	10.07	10.02	9.963	9.983	10.083	10.05	10.047	9.997	10.08	10.13	10.08	10.097	10.08	9.98	9.933	9.833	9.71	9.89	9.847	9.72
8.745	8.745	8.735	8.725	8.715	8.715	8.705	8.705	8.715	8.71	8.685	8.68	8.67	NA	NA	NA	8.67	NA	NA	NA	8.695	8.705	NA	NA	NA	8.715	8.72	8.74	8.745	8.745	8.76	8.765	8.775	8.78	8.775	8.785	8.77	8.77	8.755	8.795	8.795	8.78	8.755	8.75	8.755	8.755	8.73	8.725	8.725
10.145	10.154	10.17	10.158	10.138	10.134	10.129	10.122	10.122	10.117	10.117	10.11	10.105	10.097	10.1	10.099	10.085	10.091	10.084	10.083	10.088	10.085	10.071	10.08	10.081	10.086	10.078	10.083	10.074	10.05	10.043	10.039	10.046	10.045	10.062	10.07	10.086	10.099	10.115	10.107	10.106	10.087	10.081	10.079	10.066	10.063	10.062	10.053	10.053
11.4	11.4	11.4	11.4	11.4	11.4	11.4	11.4	11.4	11.4	11.4	11.4	11.4	11.4	11.4	11.4	11.4	11.4	11.4	11.4	11.4	11.4	11.4	11.4	11.4	11.4	11.4	11.4	11.4	NA	NA	13.4267	13.0753	12.9613	12.8313	12.732	12.7867	12.74	12.7967	12.806	12.7753	12.6593	12.5193	12.7447	12.7807	12.6667	12.704	12.608	12.532
8.725	8.71	8.7	NA	NA	NA	8.705	8.71	8.715	8.695	8.685	8.675	8.665	8.665	8.655	8.65	8.64	8.635	8.66	8.67	8.665	8.665	8.7	8.725	8.73	8.74	8.755	8.76	8.765	8.775	NA	NA	8.785	8.785	8.79	8.79	8.78	8.755	8.755	8.765	8.75	8.735	8.725	8.705	8.69	8.7	8.7	8.705	8.7
10.55	10.5467	10.52	10.4867	10.4733	10.5267	10.4933	10.4267	10.55	10.54	10.52	10.7667	11.08	11.3133	11.3367	11.4167	11.2433	11.2233	11.1433	11.14	11.0733	11.0533	11.0267	11.0033	11.01	11.04	11.16	11.1567	11.16	11.1233	11.15	11.0667	11.03	10.9533	10.9233	10.8433	10.76	10.7433	10.7333	10.7033	10.65	10.6233	10.6333	10.64	10.5833	10.5233	10.64	10.59	10.5167
9.935	9.94	9.755	9.74	9.66	9.685	9.545	9.55	9.475	9.345	9.27	9.255	9.285	9.25	9.21	8.875	9.14	9.155	9.19	9.195	9.165	9.235	9.31	9.405	9.485	9.695	9.835	9.94	10.06	10.22	10.455	10.58	10.675	10.725	10.8	10.865	10.825	10.93	10.995	11.01	11	11.105	10.995	10.92	10.845	10.8	10.745	10.68	10.615
12.725	12.72	12.725	12.715	12.72	12.7	12.71	12.72	12.7	12.715	12.705	NA	NA	NA	12.725	12.715	12.72	12.725	12.775	12.81	12.91	12.96	13.015	13.1	13.105	13.11	13.115	13.135	NA	NA	NA	13.15	13.17	13.155	13.125	13.095	13.115	13.115	13.095	13.075	13.065	13.035	13.03	13.035	13.005	12.985	12.98	12.96	12.955
10.07	10.04	10.055	10.05	10.02	9.985	9.945	9.94	9.905	9.89	9.9	9.91	9.93	9.94	9.945	9.97	9.945	9.985	9.945	9.97	9.91	9.915	9.76	9.715	9.745	9.785	9.775	9.76	9.74	9.765	9.78	9.865	9.905	9.95	9.98	10	10.045	10.07	10.075	10.065	10.05	10.055	10.075	9.965	10	9.85	9.8	9.86	9.835
7.51	7.4567	7.47	7.4433	7.3467	7.3633	7.4	7.4567	7.7267	7.7867	7.58	7.5033	7.73	7.7467	7.7333	7.6367	7.6167	7.65	7.8033	7.8967	7.9467	7.91	7.9233	7.92	7.9	8	8.0267	8.9767	9.8667	10.1767	10.0967	9.9467	9.77	9.5133	9.2633	9.4033	9.3467	9.0767	9.1433	9.15	9.1967	9.1633	9.0567	9.15	9.13	9.0833	9.0567	9.01	8.9267
11.115	11.13	11.12	11.11	11.1	11.1	11.08	11.07	11.065	11.05	11.04	11.025	10.995	10.99	11.005	10.995	11.005	11	11.005	10.99	10.995	11	10.995	11.005	11.015	11.01	11.02	11.03	11.04	11.05	11.065	11.075	11.085	11.085	11.1	11.095	11.105	11.115	11.095	11.085	11.08	11.08	11.05	11.03	11.015	11.005	11.02	11.035	11.045
9.65	9.5	9.4	9.55	9.55	9.7	9.6	9.55	9.5	9.55	9.65	10.35	11.05	10.95	10.65	10.5	10.5	10.75	10.45	10.25	10.3	10.3	10.25	10.35	10.25	10.25	10.2	10.15	NA	NA	NA	NA	NA	10.2	10.25	10.95	10.8	10.55	10.5	10.45	10.2	10	10.05	10.05	10.05	9.9	9.85	NA	NA
10.641	10.643	10.594	10.522	10.583	10.634	10.621	10.634	10.681	10.677	10.61	10.621	10.662	10.676	10.677	10.627	10.658	10.792	10.8	10.763	10.733	10.708	10.729	10.728	10.723	10.712	10.727	10.823	10.719	10.638	10.671	10.65	10.55	10.397	10.422	10.66	10.817	10.865	10.877	10.854	10.893	10.89	10.828	10.823	10.805	10.783	10.808	10.856	10.859
7.207	7.123	7.173	7.162	7.165	7.173	7.133	7.166	7.051	6.899	7.191	7.214	7.191	7.305	7.325	7.375	7.409	7.451	7.464	7.444	7.441	7.363	7.322	7.276	7.21	7.135	7.117	7.235	7.338	7.299	7.301	7.274	7.231	7.245	7.235	7.18	7.206	7.237	7.229	7.208	7.258	7.22	7.199	7.197	7.186	7.19	7.251	7.257	7.234
10.075	10.105	10.08	10.065	10.095	10.12	10.145	10.22	10.245	10.28	10.34	10.39	10.45	10.48	10.53	10.575	10.62	10.675	10.705	10.72	10.735	10.71	10.7	10.61	10.555	10.57	10.53	10.46	10.455	10.405	10.39	10.38	10.325	10.37	10.3	10.29	10.295	10.28	10.27	10.26	10.255	10.29	10.28	10.29	10.33	10.32	10.335	10.315	10.29
13.4347	13.42	13.2845	12.9752	13.2226	13.2433	12.994	13.0557	13.3435	13.3736	13.3579	13.3169	13.2759	13.4649	13.4331	13.592	13.7146	13.829	13.8699	13.8699	13.9109	13.8699	13.8904	14.0093	14.104	14.0629	14.1451	14.3095	14.4232	14.638	14.7763	14.818	14.9256	15.0122	15.1065	15.0739	15.0852	15.0376	15.0376	14.9577	14.8832	14.8408	14.756	14.6967	14.6207	14.5573	14.5151	14.3672	14.2581
11.02	10.99	10.975	10.95	10.92	10.91	10.905	10.89	10.855	10.815	10.825	10.81	10.805	NA	NA	10.805	10.805	10.81	10.805	10.815	10.83	10.815	10.84	10.86	10.875	10.87	10.88	10.86	10.83	10.845	10.87	10.855	10.86	10.9	10.93	10.985	10.935	10.925	10.91	10.905	10.895	10.88	10.9	10.905	10.91	10.915	10.89	10.87	10.895
12.532	12.414	12.606	12.7427	12.7187	12.7707	12.742	12.716	12.5893	12.732	12.626	12.6987	12.656	12.5633	12.548	12.538	12.7367	12.7213	12.776	12.7153	12.7	12.634	12.62	12.6553	12.6827	12.6107	12.6633	12.7187	12.708	12.7047	12.7333	12.6567	12.69	12.7267	12.602	12.508	12.556	12.4993	NA	12.2833	12.3133	12.458	NA	12.0593	12.204	12.2533	12.4347	12.314	12.2067
11.1267	11.1267	11.1233	11.1033	11.0767	11.07	11.0967	11.1267	11.1233	11.1467	11.1767	11.2233	11.2533	11.2833	11.2967	11.2867	11.2633	11.2467	11.2367	11.23	11.2433	11.22	11.2133	11.2033	11.1767	11.16	11.1467	11.14	11.12	11.11	11.1233	11.1333	11.1533	11.1533	11.2033	11.2433	11.2433	11.24	11.2	11.1867	11.1733	11.17	11.14	11.13	11.1267	11.1233	11.1167	11.08	11.0633
12.4033	12.42	12.4167	12.4133	12.4167	12.46	12.4533	12.4433	12.46	12.4633	12.4967	12.46	12.4133	12.4067	12.4367	12.42	12.41	12.3967	12.33	12.2467	12.1733	12.0967	12.2133	12.29	12.2867	12.2833	12.2867	12.2867	12.22	12.1733	12.1433	12.0333	12.0267	12.1267	12.19	12.1667	12.1667	12.1433	12.1367	12.1567	12.1767	12.1467	12.16	12.15	12.1167	12.0933	12.0933	12.1	12.06
9.57	9.575	9.56	9.555	9.54	9.52	9.525	9.52	9.52	9.515	9.525	9.52	9.515	9.5	9.505	9.495	9.49	9.53	9.56	9.565	9.575	9.59	9.61	9.6	9.62	9.645	9.675	9.645	9.695	9.715	9.73	9.735	9.755	9.77	9.755	9.76	9.76	9.78	9.815	9.775	9.735	9.745	9.73	9.71	9.725	9.715	9.68	9.665	9.64
7.1191	7.0133	7.0151	6.939	6.8994	6.9726	6.9369	6.9559	6.9079	6.8655	6.8335	6.8801	6.832	6.8845	6.8378	6.8655	6.8933	6.8795	6.848	6.8977	6.8801	6.8903	6.9296	6.9866	7.0508	7.0231	7.0143	7.0085	6.9939	6.9996	6.9909	7.0128	7.0318	6.9594	6.936	6.843	6.9156	6.8605	6.92	6.9549	6.8489	6.9142	6.9345	6.8939	6.8823	6.8793	6.8648	6.9273	6.9659
8.9227	9.1047	9.1047	9.306	9.2113	9.3213	9.2533	9.254	9.1307	9.1927	9.3513	9.4827	9.56	9.7187	9.7033	9.7247	9.7067	9.7467	9.7367	9.7413	9.7627	9.7213	9.7353	9.688	9.708	9.7013	9.6473	9.604	9.5587	9.5793	9.5887	9.51	9.4727	9.5387	9.4647	9.4953	9.4473	9.4967	9.4353	9.4873	9.5987	9.6447	9.5953	9.4187	9.3293	9.604	9.6767	9.6447	9.664
9.7077	9.6038	9.6756	9.6354	9.6555	9.5831	9.6033	9.5771	9.549	9.4002	9.322	9.3489	9.3487	9.3487	9.3526	9.501	9.6374	9.6514	9.6714	9.7519	9.7638	9.8081	9.8964	9.8966	9.9742	10.0206	10.0587	10.1535	10.2018	10.2905	10.3351	10.4039	10.4123	10.4243	10.463	10.4731	10.4588	10.4324	10.471	10.5055	10.4548	10.3696	10.2479	10.2803	10.3755	10.2356	10.3004	10.4121	10.4508
9.37	9.15	9.01	8.8933	8.7467	8.4867	8.3667	8.23	8.21	8.0633	7.9933	8.0633	8.13	8.2333	8.62	8.71	8.8267	8.94	9.0933	9.2667	9.3433	9.8433	10.0733	10.42	10.1767	10.1933	10.3667	10.3767	10.5267	10.71	10.8833	10.9333	11.0367	11.0133	10.9633	10.85	10.73	10.6067	10.4767	10.32	10.1467	10.0433	9.9833	9.89	9.75	9.6133	9.2733	8.8867	8.5967
11.735	11.745	11.74	11.765	11.78	11.8	11.79	11.785	11.77	11.75	11.75	11.73	11.725	11.725	11.715	11.72	11.74	11.805	11.88	11.935	12.015	12.07	12.02	12.125	12.02	11.975	11.9	11.915	11.92	11.95	11.975	11.95	12.01	12.015	11.965	11.955	11.935	11.915	11.91	11.9	11.885	11.865	11.865	11.86	11.86	NA	NA	NA	NA
7.3108	7.3394	7.3835	7.3929	7.4371	7.4734	7.4777	7.4876	7.4973	7.51	7.4921	7.5034	7.5325	7.5654	7.6221	7.7885	7.7168	7.741	7.8258	7.7914	7.8562	7.9434	7.9471	8.0678	8.1458	8.1293	8.1296	8.1179	8.134	8.1	8.1266	8.0944	8.0649	7.9895	7.9867	7.9555	7.9624	7.9601	7.963	7.9573	7.968	7.8807	7.7877	7.7157	7.7008	7.6838	7.703	7.7136	7.7178
12.3447	12.3247	12.4987	12.498	12.5293	12.506	12.584	12.5533	12.558	12.5367	12.534	12.5607	12.5133	12.5453	12.5307	12.5867	12.5367	12.4193	12.2313	12.1727	12.4613	12.4207	12.4193	12.3547	12.3853	12.444	12.466	12.5033	12.6033	12.5893	12.624	12.5753	12.6347	12.5973	12.614	12.614	12.6207	12.666	12.7127	12.7307	12.7467	12.7293	12.778	12.7647	12.6973	12.662	12.6253	12.67	12.5887
14.02	14.09	13.345	12.87	14.195	13.37	12.275	12.215	13.385	14.35	14.81	14.715	14.7	14.855	14.77	14.845	14.765	14.755	14.635	14.685	14.625	14.515	15.375	15.7	15.905	16.12	16.735	16.515	16.11	15.83	15.13	15.36	14.745	14.41	14.835	14.085	14.97	15.15	15.445	14.09	14.765	16.385	16.43	16.58	16.45	16.08	15.27	15.98	17.15
8.2193	8.1923	8.14	8.1013	8.086	8.0467	7.9493	7.8363	7.7297	7.6143	7.6003	7.5723	7.5823	7.679	7.9377	7.826	7.93	7.934	7.979	7.919	7.8973	7.8397	7.836	7.9	7.9073	7.952	8.017	8.0733	7.8633	7.941	8.113	8.072	8.018	8.0507	8.0773	7.8887	7.8073	7.7403	7.64	7.5333	7.5193	7.568	7.6443	7.7327	7.7717	7.77	7.838	7.804	7.8603
12.32	12.2867	12.27	12.3	12.32	12.33	12.32	12.3167	12.3067	12.3333	12.4233	12.4733	12.5533	12.62	12.6733	12.65	12.73	12.76	12.8067	13.0067	13.0867	13.0933	13.07	12.88	13.07	13.17	13.41	13.42	13.0267	13.1567	13.33	12.89	12.8533	12.7167	12.6133	12.6333	12.5067	12.43	12.3767	12.35	12.29	12.3267	12.3433	12.3767	12.4067	12.4133	12.3833	12.4067	12.4133
12.4587	12.42	12.504	12.528	12.4433	12.4347	12.376	12.3133	12.232	12.298	12.3147	12.4513	12.3173	12.3253	12.396	12.222	NA	12.2307	NA	NA	NA	12.2853	12.2873	12.0793	12.3833	12.4293	12.4567	12.452	12.544	12.4807	12.582	12.5373	12.528	12.546	NA	12.416	12.388	12.4553	12.22	12.0353	12.0633	11.9933	11.9147	12.1207	12.1287	12.332	12.3547	12.4193	12.366
10.192	10.201	10.206	10.202	10.196	10.195	10.198	10.193	10.194	10.193	10.196	10.194	10.203	10.206	10.208	10.21	10.217	10.221	10.198	10.197	10.19	10.186	10.18	10.164	10.159	10.158	10.149	10.15	10.145	10.169	10.165	10.164	10.179	10.189	10.195	10.184	10.21	10.2	10.196	10.187	10.184	10.178	10.184	10.199	10.188	10.177	10.171	10.156	10.131
8.2167	8.12	8.0667	8.04	7.9967	7.9433	7.89	7.85	7.8233	7.7833	7.6967	7.6767	7.6433	7.59	7.63	7.5967	7.6067	7.6833	7.6367	7.7533	7.88	8.0233	8.0467	8.1133	8.2933	8.5567	8.83	9.0433	9.3633	9.4933	9.9167	10.55	10.8567	10.9167	11.5267	11.3033	10.74	10.22	10.1667	9.9267	9.7467	9.6133	9.5367	9.4067	9.2	8.9233	8.5233	8.05	7.5733
10.1105	10.1109	10.1225	10.1459	10.1212	10.1325	10.1285	10.1365	10.1469	10.1445	10.1369	10.1439	10.1549	10.1412	10.1399	10.1645	10.1832	10.2005	10.2219	10.2189	10.2239	10.2365	10.2525	10.2545	10.2555	10.2565	10.2519	10.2419	10.2545	10.2725	10.2855	10.3039	10.2932	10.2879	10.2635	10.2309	10.2059	10.2095	10.2149	10.2375	10.2219	10.2155	10.1975	10.1939	10.1782	10.1682	10.1729	10.2029	10.2019
